Voltage[V]	Current[mA]
48.000000	-1.211813E-11
48.006000	-7.890780E-11
48.012000	-1.881068E-10
48.018000	-1.967116E-10
48.024000	-2.512088E-10
48.030000	-1.680290E-10
48.036000	-1.332000E-10
48.042000	-1.651607E-10
48.048000	-1.948678E-10
48.054000	-2.274433E-10
48.060000	-2.622720E-10
48.066000	-2.641160E-10
48.072000	-1.907703E-10
48.078000	-2.055214E-10
48.084000	-1.965067E-10
48.090000	-2.055212E-10
48.096000	-2.557161E-10
48.102000	-3.038622E-10
48.108000	-2.887013E-10
48.114000	-2.653451E-10
48.120000	-2.186335E-10
48.126000	-2.274431E-10
48.132000	-2.165846E-10
48.138000	-2.540770E-10
48.144000	-2.686233E-10
48.150000	-3.333640E-10
48.156000	-2.764086E-10
48.162000	-3.493445E-10
48.168000	-3.102132E-10
48.174000	-2.458820E-10
48.180000	-2.921839E-10
48.186000	-2.792768E-10
48.192000	-2.581745E-10
48.198000	-2.747695E-10
48.204000	-2.507990E-10
48.210000	-1.928190E-10
48.216000	-2.698525E-10
48.222000	-2.962816E-10
48.228000	-2.827597E-10
48.234000	-2.960766E-10
48.240000	-2.800964E-10
48.246000	-2.309262E-10
48.252000	-2.364578E-10
48.258000	-2.376868E-10
48.264000	1.729399E-9
48.270000	5.426412E-11
48.276000	-1.864678E-10
48.282000	-3.309055E-10
48.288000	-3.106229E-10
48.294000	-3.509836E-10
48.300000	-3.370519E-10
48.306000	-2.673940E-10
48.312000	-2.696478E-10
48.318000	-3.206618E-10
48.324000	-2.610428E-10
48.330000	-2.932085E-10
48.336000	-2.565357E-10
48.342000	-2.903401E-10
48.348000	-3.102133E-10
48.354000	-2.383016E-10
48.360000	-3.100083E-10
48.366000	-2.942329E-10
48.372000	-2.620672E-10
48.378000	-2.848084E-10
48.384000	-2.805059E-10
48.390000	-2.794817E-10
48.396000	-2.792768E-10
48.402000	-2.546917E-10
48.408000	-3.067300E-10
48.414000	-3.149251E-10
48.420000	-2.536673E-10
48.426000	-2.829647E-10
48.432000	-2.499796E-10
48.438000	-3.073449E-10
48.444000	-2.344089E-10
48.450000	-2.215017E-10
48.456000	-2.518235E-10
48.462000	-2.876767E-10
48.468000	-2.559209E-10
48.474000	-2.907498E-10
48.480000	-2.700573E-10
48.486000	-2.759986E-10
48.492000	-2.483406E-10
48.498000	-2.249845E-10
48.504000	-3.163595E-10
48.510000	-3.009936E-10
48.516000	-3.132865E-10
48.522000	-2.782524E-10
48.528000	-2.915694E-10
48.534000	-2.651405E-10
48.540000	-2.747694E-10
48.546000	-2.882911E-10
48.552000	-2.616573E-10
48.558000	-2.692378E-10
48.564000	-2.225260E-10
48.570000	-2.837842E-10
48.576000	-3.602029E-10
48.582000	-2.661647E-10
48.588000	-2.708768E-10
48.594000	-2.495697E-10
48.600000	-1.950726E-10
48.606000	-2.979206E-10
48.612000	-3.747492E-10
48.618000	-2.606331E-10
48.624000	-2.639111E-10
48.630000	-2.692379E-10
48.636000	-3.083695E-10
48.642000	-3.321349E-10
48.648000	-2.555112E-10
48.654000	-2.821451E-10
48.660000	-1.450828E-10
48.666000	-2.454723E-10
48.672000	-3.573346E-10
48.678000	-2.225260E-10
48.684000	-2.391211E-10
48.690000	-2.817353E-10
48.696000	-2.880864E-10
48.702000	-3.018133E-10
48.708000	-3.536468E-10
48.714000	-2.807109E-10
48.720000	-3.196375E-10
48.726000	-3.022230E-10
48.732000	-2.778427E-10
48.738000	-2.530526E-10
48.744000	-3.143107E-10
48.750000	-2.559208E-10
48.756000	-2.952572E-10
48.762000	-2.352284E-10
48.768000	-1.340196E-10
48.774000	-2.848084E-10
48.780000	-2.462917E-10
48.786000	-2.686234E-10
48.792000	-2.395307E-10
48.798000	-2.628867E-10
48.804000	-2.803011E-10
48.810000	-2.690330E-10
48.816000	-2.788670E-10
48.822000	-4.091682E-10
48.828000	-2.827597E-10
48.834000	-2.614525E-10
48.840000	-3.268082E-10
48.846000	-3.104181E-10
48.852000	-2.813256E-10
48.858000	-2.864474E-10
48.864000	-2.702622E-10
48.870000	-2.561257E-10
48.876000	-2.768181E-10
48.882000	-2.721061E-10
48.888000	-2.598136E-10
48.894000	-3.022229E-10
48.900000	-2.893157E-10
48.906000	-2.512087E-10
48.912000	-2.423991E-10
48.918000	-2.555112E-10
48.924000	-2.878816E-10
48.930000	-3.739296E-10
48.936000	-3.845831E-10
48.942000	-3.057058E-10
48.948000	-2.661648E-10
48.954000	-2.919791E-10
48.960000	-2.764086E-10
48.966000	-2.823500E-10
48.972000	-3.083692E-10
48.978000	-3.032474E-10
48.984000	-3.014034E-10
48.990000	-3.223007E-10
48.996000	-1.772484E-10
49.002000	-2.866523E-10
49.008000	-2.848085E-10
49.014000	-3.220959E-10
49.020000	-3.835588E-10
49.026000	-2.583794E-10
49.032000	-2.432187E-10
49.038000	-2.952571E-10
49.044000	-2.649354E-10
49.050000	-3.186130E-10
49.056000	-2.966912E-10
49.062000	-3.677834E-10
49.068000	-3.569252E-10
49.074000	-2.729257E-10
49.080000	-2.805061E-10
49.086000	-2.796865E-10
49.092000	-2.786622E-10
49.098000	-2.520282E-10
49.104000	-2.866525E-10
49.110000	-2.930036E-10
49.116000	-2.174042E-10
49.122000	-1.436488E-10
49.128000	-2.565355E-10
49.134000	-2.712866E-10
49.140000	-4.073244E-10
49.146000	-3.247595E-10
49.152000	-2.473161E-10
49.158000	-2.278528E-10
49.164000	-2.958716E-10
49.170000	-2.915693E-10
49.176000	-2.833743E-10
49.182000	-2.583796E-10
49.188000	-3.231204E-10
49.194000	-3.229155E-10
49.200000	-2.911594E-10
49.206000	-3.005838E-10
49.212000	-2.864475E-10
49.218000	-2.725159E-10
49.224000	-3.098034E-10
49.230000	-2.675988E-10
49.236000	-2.477257E-10
49.242000	-2.454722E-10
49.248000	-1.852385E-10
49.254000	-2.925935E-10
49.260000	-1.534828E-10
49.266000	-1.526632E-10
49.272000	-3.315201E-10
49.278000	-3.237349E-10
49.284000	-2.473162E-10
49.290000	-2.692380E-10
49.296000	-2.557159E-10
49.302000	-2.667792E-10
49.308000	-3.347983E-10
49.314000	-2.772280E-10
49.320000	-3.030423E-10
49.326000	-3.599978E-10
49.332000	-3.862221E-10
49.338000	-2.721062E-10
49.344000	-2.930036E-10
49.350000	-2.856279E-10
49.356000	-2.942328E-10
49.362000	-2.993547E-10
49.368000	-2.979207E-10
49.374000	-2.411698E-10
49.380000	-2.899302E-10
49.386000	-1.506145E-10
49.392000	-3.011984E-10
49.398000	-2.639110E-10
49.404000	-3.233252E-10
49.410000	-2.528477E-10
49.416000	-2.921839E-10
49.422000	-2.905449E-10
49.428000	-2.493649E-10
49.434000	-3.061156E-10
49.440000	-3.841734E-10
49.446000	-3.315200E-10
49.452000	-3.161543E-10
49.458000	-2.700574E-10
49.464000	-2.653452E-10
49.470000	-3.069350E-10
49.476000	-2.323603E-10
49.482000	-2.436283E-10
49.488000	-1.567607E-10
49.494000	-3.356178E-10
49.500000	-2.735403E-10
49.506000	-3.282421E-10
49.512000	-2.282626E-10
49.518000	-2.841938E-10
49.524000	-2.669841E-10
49.530000	-2.536675E-10
49.536000	-2.669843E-10
49.542000	-3.366422E-10
49.548000	-2.575600E-10
49.554000	-2.766136E-10
49.560000	-2.733354E-10
49.566000	-3.110327E-10
49.572000	-2.966913E-10
49.578000	-3.192277E-10
49.584000	-2.606332E-10
49.590000	-2.612477E-10
49.596000	-2.100287E-10
49.602000	-2.610430E-10
49.608000	-2.975110E-10
49.614000	-2.598137E-10
49.620000	-2.968962E-10
49.626000	-2.887012E-10
49.632000	-3.018133E-10
49.638000	-2.784572E-10
49.644000	-2.553063E-10
49.650000	-2.759988E-10
49.656000	-2.786622E-10
49.662000	-2.999693E-10
49.668000	-2.829645E-10
49.674000	-2.481355E-10
49.680000	-2.899306E-10
49.686000	-1.907703E-10
49.692000	-2.516186E-10
49.698000	-2.710818E-10
49.704000	-2.241651E-10
49.710000	-2.073654E-10
49.716000	-2.653454E-10
49.722000	-2.831694E-10
49.728000	-2.882916E-10
49.734000	-2.952571E-10
49.740000	-2.589942E-10
49.746000	-3.188180E-10
49.752000	-3.251692E-10
49.758000	-2.954620E-10
49.764000	-3.128765E-10
49.770000	-2.825550E-10
49.776000	-2.358430E-10
49.782000	-2.833743E-10
49.788000	-2.954620E-10
49.794000	-2.706719E-10
49.800000	-2.518234E-10
49.806000	-2.352284E-10
49.812000	-2.626820E-10
49.818000	-3.493446E-10
49.824000	-2.913645E-10
49.830000	-3.057060E-10
49.836000	-2.737451E-10
49.842000	-2.725159E-10
49.848000	-2.864474E-10
49.854000	-2.635013E-10
49.860000	-3.149254E-10
49.866000	-2.764086E-10
49.872000	-2.532575E-10
49.878000	-1.418049E-10
49.884000	-2.823502E-10
49.890000	-2.520283E-10
49.896000	-2.979206E-10
49.902000	-2.436283E-10
49.908000	-2.657551E-10
49.914000	-2.548966E-10
49.920000	-2.577650E-10
49.926000	-2.596088E-10
49.932000	-3.712662E-10
49.938000	-2.981256E-10
49.944000	-3.048864E-10
49.950000	-2.866524E-10
49.956000	-2.772282E-10
49.962000	-2.784572E-10
49.968000	-3.022231E-10
49.974000	-2.241652E-10
49.980000	-1.456974E-10
49.986000	-2.663696E-10
49.992000	-3.005840E-10
49.998000	-3.253741E-10
50.004000	-2.266237E-10
50.010000	-2.446528E-10
50.016000	-2.299016E-10
50.022000	-2.536673E-10
50.028000	-2.876768E-10
50.034000	-2.803012E-10
50.040000	-3.296764E-10
50.046000	-2.411699E-10
50.052000	-3.243497E-10
50.058000	-3.300862E-10
50.064000	-2.635014E-10
50.070000	-2.530526E-10
50.076000	-2.628868E-10
50.082000	-2.423992E-10
50.088000	-2.198626E-10
50.094000	-2.735401E-10
50.100000	-2.505942E-10
50.106000	-2.372770E-10
50.112000	-2.702622E-10
50.118000	-2.880865E-10
50.124000	-4.116267E-10
50.130000	-2.692379E-10
50.136000	-3.069354E-10
50.142000	-2.813256E-10
50.148000	-2.641161E-10
50.154000	-2.202725E-10
50.160000	-2.610428E-10
50.166000	-2.616576E-10
50.172000	-2.626818E-10
50.178000	-2.985353E-10
50.184000	-2.700574E-10
50.190000	-2.870621E-10
50.196000	-2.835795E-10
50.202000	-2.553063E-10
50.208000	-2.524381E-10
50.214000	-3.122619E-10
50.220000	-2.641159E-10
50.226000	-2.450626E-10
50.232000	-2.448575E-10
50.238000	-2.448576E-10
50.244000	-3.274227E-10
50.250000	-2.626819E-10
50.256000	-2.575601E-10
50.262000	-2.516187E-10
50.268000	-2.796867E-10
50.274000	-2.641159E-10
50.280000	-3.350032E-10
50.286000	-2.821453E-10
50.292000	-2.893158E-10
50.298000	-2.815304E-10
50.304000	-2.739500E-10
50.310000	-2.573552E-10
50.316000	-2.835793E-10
50.322000	-2.868572E-10
50.328000	-2.788670E-10
50.334000	-2.669840E-10
50.340000	-2.925938E-10
50.346000	-3.403301E-10
50.352000	-2.290822E-10
50.358000	-3.192278E-10
50.364000	-2.766136E-10
50.370000	-2.477259E-10
50.376000	-2.940279E-10
50.382000	-2.987400E-10
50.388000	-2.704669E-10
50.394000	-2.700574E-10
50.400000	-2.893159E-10
50.406000	-2.727210E-10
50.412000	-2.807109E-10
50.418000	-2.850134E-10
50.424000	-2.366626E-10
50.430000	-2.274433E-10
50.436000	-2.639112E-10
50.442000	-3.065252E-10
50.448000	-3.014034E-10
50.454000	-2.663696E-10
50.460000	-2.739501E-10
50.466000	-2.784574E-10
50.472000	-2.667794E-10
50.478000	-2.725160E-10
50.484000	-2.966915E-10
50.490000	-2.911598E-10
50.496000	-2.880866E-10
50.502000	-2.481356E-10
50.508000	-2.688282E-10
50.514000	-2.809159E-10
50.520000	-2.923890E-10
50.526000	-3.401254E-10
50.532000	-2.628868E-10
50.538000	-3.085743E-10
50.544000	-2.749744E-10
50.550000	-2.790720E-10
50.556000	-2.475210E-10
50.562000	-2.860377E-10
50.568000	-2.149457E-10
50.574000	-2.966913E-10
50.580000	-2.966913E-10
50.586000	-2.632964E-10
50.592000	-2.315408E-10
50.598000	-2.930037E-10
50.604000	-3.048863E-10
50.610000	-2.647307E-10
50.616000	-2.493649E-10
50.622000	-3.960564E-10
50.628000	-2.719012E-10
50.634000	-2.751793E-10
50.640000	-2.411700E-10
50.646000	-3.007888E-10
50.652000	-3.350032E-10
50.658000	-2.448575E-10
50.664000	-2.393259E-10
50.670000	-2.397357E-10
50.676000	-2.942328E-10
50.682000	-2.510040E-10
50.688000	-3.210718E-10
50.694000	-3.079596E-10
50.700000	-2.999693E-10
50.706000	-2.770234E-10
50.712000	-2.727208E-10
50.718000	-2.903403E-10
50.724000	-2.934133E-10
50.730000	-2.299017E-10
50.736000	-2.706722E-10
50.742000	-2.405553E-10
50.748000	-2.315407E-10
50.754000	-3.204570E-10
50.760000	-3.009938E-10
50.766000	-2.143312E-10
50.772000	-3.257836E-10
50.778000	-3.458616E-10
50.784000	-2.891108E-10
50.790000	-2.577648E-10
50.796000	-2.587893E-10
50.802000	-2.522332E-10
50.808000	-3.009936E-10
50.814000	-2.923889E-10
50.820000	-3.194325E-10
50.826000	-3.098034E-10
50.832000	-1.770436E-10
50.838000	-2.848086E-10
50.844000	-2.780478E-10
50.850000	-2.880865E-10
50.856000	-2.430138E-10
50.862000	-3.165644E-10
50.868000	-2.071605E-10
50.874000	-2.950524E-10
50.880000	-2.290822E-10
50.886000	-3.294716E-10
50.892000	-3.223007E-10
50.898000	-2.645258E-10
50.904000	-2.825549E-10
50.910000	-3.048864E-10
50.916000	-2.321554E-10
50.922000	-2.577650E-10
50.928000	-3.421740E-10
50.934000	-2.831695E-10
50.940000	-2.954621E-10
50.946000	-2.405553E-10
50.952000	-3.163592E-10
50.958000	-3.233253E-10
50.964000	-2.471112E-10
50.970000	-3.028375E-10
50.976000	-3.304960E-10
50.982000	-2.991500E-10
50.988000	-2.171994E-10
50.994000	-2.790721E-10
51.000000	-2.585845E-10
51.006000	-2.721062E-10
51.012000	-2.456771E-10
51.018000	-2.860378E-10
51.024000	-3.288569E-10
51.030000	-2.602235E-10
51.036000	-2.456771E-10
51.042000	-2.723111E-10
51.048000	-2.768183E-10
51.054000	-2.448577E-10
51.060000	-2.923889E-10
51.066000	-2.604283E-10
51.072000	-3.020184E-10
51.078000	-3.026329E-10
51.084000	-3.356180E-10
51.090000	-3.350033E-10
51.096000	-2.891110E-10
51.102000	-2.462919E-10
51.108000	-3.118525E-10
51.114000	-2.309261E-10
51.120000	-2.686234E-10
51.126000	-2.745650E-10
51.132000	-2.905451E-10
51.138000	-2.587894E-10
51.144000	-3.136959E-10
51.150000	-3.095985E-10
51.156000	-2.973061E-10
51.162000	-2.868575E-10
51.168000	-2.770232E-10
51.174000	-2.932085E-10
51.180000	-2.809159E-10
51.186000	-3.198423E-10
51.192000	-2.073653E-10
51.198000	-3.016084E-10
51.204000	-2.630918E-10
51.210000	-2.887011E-10
51.216000	-2.792771E-10
51.222000	-2.721066E-10
51.228000	-2.510041E-10
51.234000	-2.694430E-10
51.240000	-2.702624E-10
51.246000	-2.675991E-10
51.252000	-2.921841E-10
51.258000	-2.602235E-10
51.264000	-2.917743E-10
51.270000	-2.649356E-10
51.276000	-3.098034E-10
51.282000	-2.971013E-10
51.288000	-2.817356E-10
51.294000	-2.858331E-10
51.300000	-2.905452E-10
51.306000	-3.036573E-10
51.312000	-2.966915E-10
51.318000	-2.968964E-10
51.324000	-2.616576E-10
51.330000	-2.372773E-10
51.336000	-2.803014E-10
51.342000	-3.116474E-10
51.348000	-2.721063E-10
51.354000	-2.680087E-10
51.360000	-3.544665E-10
51.366000	-3.278326E-10
51.372000	-3.091888E-10
51.378000	-2.768184E-10
51.384000	-2.958720E-10
51.390000	-2.958719E-10
51.396000	-3.083694E-10
51.402000	-2.889060E-10
51.408000	-2.927987E-10
51.414000	-3.057058E-10
51.420000	-2.876769E-10
51.426000	-2.643210E-10
51.432000	-3.206620E-10
51.438000	-3.214814E-10
51.444000	-2.784574E-10
51.450000	-2.796867E-10
51.456000	-2.741551E-10
51.462000	-2.800966E-10
51.468000	-2.887013E-10
51.474000	-2.719014E-10
51.480000	-2.376871E-10
51.486000	-2.708771E-10
51.492000	-2.395311E-10
51.498000	-2.616575E-10
51.504000	-2.743599E-10
51.510000	-2.909549E-10
51.516000	-2.864476E-10
51.522000	-2.862427E-10
51.528000	-3.436081E-10
51.534000	-2.362530E-10
51.540000	-3.046815E-10
51.546000	-3.052962E-10
51.552000	-2.680088E-10
51.558000	-2.870622E-10
51.564000	-2.919793E-10
51.570000	-2.874719E-10
51.576000	-2.913647E-10
51.582000	-2.854233E-10
51.588000	-2.766134E-10
51.594000	-2.649356E-10
51.600000	-3.042717E-10
51.606000	-2.678040E-10
51.612000	-3.081645E-10
51.618000	-2.618624E-10
51.624000	-2.887013E-10
51.630000	-2.716966E-10
51.636000	-3.063207E-10
51.642000	-2.354334E-10
51.648000	-2.790720E-10
51.654000	-2.618626E-10
51.660000	-3.112376E-10
51.666000	-3.024280E-10
51.672000	-2.897257E-10
51.678000	-2.780478E-10
51.684000	-2.692380E-10
51.690000	-2.614527E-10
51.696000	-2.360480E-10
51.702000	-2.327700E-10
51.708000	-2.727209E-10
51.714000	-3.022231E-10
51.720000	-2.495698E-10
51.726000	-2.667795E-10
51.732000	-2.657551E-10
51.738000	-2.532576E-10
51.744000	-3.266034E-10
51.750000	-3.165644E-10
51.756000	-2.915695E-10
51.762000	-2.544870E-10
51.768000	-2.540772E-10
51.774000	-2.553064E-10
51.780000	-2.333846E-10
51.786000	-2.612479E-10
51.792000	-2.762037E-10
51.798000	-2.757941E-10
51.804000	-2.489552E-10
51.810000	-2.891112E-10
51.816000	-2.837842E-10
51.822000	-2.989451E-10
51.828000	-2.866525E-10
51.834000	-2.968963E-10
51.840000	-2.891109E-10
51.846000	-2.604283E-10
51.852000	-3.052962E-10
51.858000	-2.227310E-10
51.864000	-3.085743E-10
51.870000	-2.569454E-10
51.876000	-3.266033E-10
51.882000	-2.688282E-10
51.888000	-2.868573E-10
51.894000	-2.923891E-10
51.900000	-3.309058E-10
51.906000	-2.780477E-10
51.912000	-2.954622E-10
51.918000	-2.569454E-10
51.924000	-2.624771E-10
51.930000	-2.792768E-10
51.936000	-2.766136E-10
51.942000	-2.792769E-10
51.948000	-2.817355E-10
51.954000	-2.669844E-10
51.960000	-2.827599E-10
51.966000	-3.071401E-10
51.972000	-2.350237E-10
51.978000	-2.790721E-10
51.984000	-2.864477E-10
51.990000	-3.132866E-10
51.996000	-3.028378E-10
52.002000	-2.702625E-10
52.008000	-2.651405E-10
52.014000	-2.790722E-10
52.020000	-2.981256E-10
52.026000	-3.266035E-10
52.032000	-2.723112E-10
52.038000	-2.612478E-10
52.044000	-2.942330E-10
52.050000	-2.872672E-10
52.056000	-2.749745E-10
52.062000	-2.803013E-10
52.068000	-2.708771E-10
52.074000	-2.921841E-10
52.080000	-3.071402E-10
52.086000	-3.177938E-10
52.092000	-2.948476E-10
52.098000	-2.813257E-10
52.104000	-2.583795E-10
52.110000	-2.426042E-10
52.116000	-2.956671E-10
52.122000	-2.850134E-10
52.128000	-2.684185E-10
52.134000	-2.837843E-10
52.140000	-2.876770E-10
52.146000	-2.594039E-10
52.152000	-2.862428E-10
52.158000	-2.852185E-10
52.164000	-2.770233E-10
52.170000	-2.647307E-10
52.176000	-3.341840E-10
52.182000	-3.128768E-10
52.188000	-2.661650E-10
52.194000	-2.714918E-10
52.200000	-2.600186E-10
52.206000	-2.516186E-10
52.212000	-2.997646E-10
52.218000	-2.897257E-10
52.224000	-3.298814E-10
52.230000	-2.735404E-10
52.236000	-2.409652E-10
52.242000	-3.009938E-10
52.248000	-3.036572E-10
52.254000	-3.153352E-10
52.260000	-2.692381E-10
52.266000	-2.823502E-10
52.272000	-2.729258E-10
52.278000	-2.852185E-10
52.284000	-2.952575E-10
52.290000	-2.829649E-10
52.296000	-3.179986E-10
52.302000	-3.544667E-10
52.308000	-2.739502E-10
52.314000	-2.792770E-10
52.320000	-2.753843E-10
52.326000	-2.622723E-10
52.332000	-2.991498E-10
52.338000	-2.946427E-10
52.344000	-2.975109E-10
52.350000	-2.630917E-10
52.356000	-2.016288E-10
52.362000	-2.706722E-10
52.368000	-3.509838E-10
52.374000	-3.225059E-10
52.380000	-2.473163E-10
52.386000	-2.553064E-10
52.392000	-2.493651E-10
52.398000	-2.876769E-10
52.404000	-2.395310E-10
52.410000	-2.780477E-10
52.416000	-2.430138E-10
52.422000	-2.764087E-10
52.428000	-2.542820E-10
52.434000	-2.880866E-10
52.440000	-2.719014E-10
52.446000	-3.323399E-10
52.452000	-2.811209E-10
52.458000	-3.202523E-10
52.464000	-3.253741E-10
52.470000	-3.300864E-10
52.476000	-2.706722E-10
52.482000	-2.282627E-10
52.488000	-2.921842E-10
52.494000	-2.700575E-10
52.500000	-2.555113E-10
52.506000	-3.196376E-10
52.512000	-2.194531E-10
52.518000	-3.403302E-10
52.524000	-2.891110E-10
52.530000	-2.901354E-10
52.536000	-2.647308E-10
52.542000	-3.434033E-10
52.548000	-2.708771E-10
52.554000	-2.546918E-10
52.560000	-2.700575E-10
52.566000	-2.325652E-10
52.572000	-2.862428E-10
52.578000	-2.481358E-10
52.584000	-2.911598E-10
52.590000	-3.606129E-10
52.596000	-2.909549E-10
52.602000	-2.270335E-10
52.608000	-2.893160E-10
52.614000	-3.460666E-10
52.620000	-2.870622E-10
52.626000	-2.501845E-10
52.632000	-2.686234E-10
52.638000	-2.747697E-10
52.644000	-2.628868E-10
52.650000	-2.454724E-10
52.656000	-2.981255E-10
52.662000	-2.596088E-10
52.668000	-2.784575E-10
52.674000	-3.257839E-10
52.680000	-2.569455E-10
52.686000	-3.112376E-10
52.692000	-2.479310E-10
52.698000	-2.430139E-10
52.704000	-2.706722E-10
52.710000	-2.745648E-10
52.716000	-3.106230E-10
52.722000	-1.399610E-10
52.728000	-3.001744E-10
52.734000	-3.386912E-10
52.740000	-2.958720E-10
52.746000	-2.489552E-10
52.752000	-2.114628E-10
52.758000	-2.643211E-10
52.764000	-2.917744E-10
52.770000	-2.755892E-10
52.776000	-2.741551E-10
52.782000	-2.563309E-10
52.788000	-2.895208E-10
52.794000	-2.803013E-10
52.800000	-2.772283E-10
52.806000	-2.149458E-10
52.812000	-2.665746E-10
52.818000	-2.923891E-10
52.824000	-3.643007E-10
52.830000	-3.005841E-10
52.836000	-2.280579E-10
52.842000	-2.749747E-10
52.848000	-2.788672E-10
52.854000	-3.567202E-10
52.860000	-2.606333E-10
52.866000	-2.542820E-10
52.872000	-2.221164E-10
52.878000	-2.721064E-10
52.884000	-2.712867E-10
52.890000	-2.796868E-10
52.896000	-2.501845E-10
52.902000	-2.807111E-10
52.908000	-3.057059E-10
52.914000	-2.921842E-10
52.920000	-2.903403E-10
52.926000	-2.700576E-10
52.932000	-2.823500E-10
52.938000	-3.001744E-10
52.944000	-2.505943E-10
52.950000	-2.716966E-10
52.956000	-2.911598E-10
52.962000	-2.852183E-10
52.968000	-2.716965E-10
52.974000	-2.700575E-10
52.980000	-2.815305E-10
52.986000	-2.829648E-10
52.992000	-2.196579E-10
52.998000	-2.626820E-10
53.004000	-2.561259E-10
53.010000	-2.868574E-10
53.016000	-3.098035E-10
53.022000	-2.446528E-10
53.028000	-2.745648E-10
53.034000	-2.737454E-10
53.040000	-2.729258E-10
53.046000	-2.157653E-10
53.052000	-3.046816E-10
53.058000	-3.438130E-10
53.064000	-2.819404E-10
53.070000	-2.944379E-10
53.076000	-3.014037E-10
53.082000	-2.921842E-10
53.088000	-1.616779E-10
53.094000	-3.239400E-10
53.100000	-3.184084E-10
53.106000	-2.085946E-10
53.112000	-3.048865E-10
53.118000	-4.226903E-10
53.124000	-2.995596E-10
53.130000	-2.841940E-10
53.136000	-2.680088E-10
53.142000	-2.938233E-10
53.148000	-2.411699E-10
53.154000	-2.565357E-10
53.160000	-2.575602E-10
53.166000	-2.303115E-10
53.172000	-2.532576E-10
53.178000	-2.635014E-10
53.184000	-2.782525E-10
53.190000	-2.368676E-10
53.196000	-2.661649E-10
53.202000	-2.675990E-10
53.208000	-2.491601E-10
53.214000	-2.932085E-10
53.220000	-3.837639E-10
53.226000	-2.995597E-10
53.232000	-3.089840E-10
53.238000	-2.895208E-10
53.244000	-3.321350E-10
53.250000	-2.551015E-10
53.256000	-2.630917E-10
53.262000	-3.069354E-10
53.268000	-2.762038E-10
53.274000	-2.737453E-10
53.280000	-2.702624E-10
53.286000	-2.641160E-10
53.292000	-2.325652E-10
53.298000	-2.581747E-10
53.304000	-2.665745E-10
53.310000	-3.198425E-10
53.316000	-3.921639E-10
53.322000	-3.001745E-10
53.328000	-2.952574E-10
53.334000	-3.085742E-10
53.340000	-3.501642E-10
53.346000	-2.344090E-10
53.352000	-2.645258E-10
53.358000	-3.384862E-10
53.364000	-2.462919E-10
53.370000	-3.005841E-10
53.376000	-2.196579E-10
53.382000	-2.147409E-10
53.388000	-2.841940E-10
53.394000	-3.098036E-10
53.400000	-3.272180E-10
53.406000	-2.546917E-10
53.412000	-3.024280E-10
53.418000	-2.995599E-10
53.424000	-2.526430E-10
53.430000	-2.608381E-10
53.436000	-2.952573E-10
53.442000	-2.872671E-10
53.448000	-2.706722E-10
53.454000	-2.698526E-10
53.460000	-2.044970E-10
53.466000	-2.841940E-10
53.472000	-3.149254E-10
53.478000	-3.460666E-10
53.484000	-2.296968E-10
53.490000	-4.456365E-10
53.496000	-3.577445E-10
53.502000	-2.622722E-10
53.508000	-3.067303E-10
53.514000	-2.950524E-10
53.520000	-3.192278E-10
53.526000	-2.249848E-10
53.532000	-2.372773E-10
53.538000	-2.442431E-10
53.544000	-2.645259E-10
53.550000	-3.165644E-10
53.556000	-2.479310E-10
53.562000	-3.134914E-10
53.568000	-3.345936E-10
53.574000	-1.407805E-10
53.580000	-3.052962E-10
53.586000	-2.352286E-10
53.592000	-2.776380E-10
53.598000	-2.952573E-10
53.604000	-2.415796E-10
53.610000	-2.100288E-10
53.616000	-2.358432E-10
53.622000	-2.485455E-10
53.628000	-2.403505E-10
53.634000	-2.360481E-10
53.640000	-2.669844E-10
53.646000	-2.739501E-10
53.652000	-2.553065E-10
53.658000	-3.354131E-10
53.664000	-3.046816E-10
53.670000	-2.323602E-10
53.676000	-3.081645E-10
53.682000	-2.518235E-10
53.688000	-2.415797E-10
53.694000	-3.829445E-10
53.700000	-3.007890E-10
53.706000	-2.299017E-10
53.712000	-3.483203E-10
53.718000	-2.743600E-10
53.724000	-2.589942E-10
53.730000	-2.641161E-10
53.736000	-2.323603E-10
53.742000	-2.733355E-10
53.748000	-2.477261E-10
53.754000	-2.313359E-10
53.760000	-2.309262E-10
53.766000	-3.011987E-10
53.772000	-2.348188E-10
53.778000	-2.581747E-10
53.784000	-2.997646E-10
53.790000	-2.536674E-10
53.796000	-2.657551E-10
53.802000	-2.675990E-10
53.808000	-2.696478E-10
53.814000	-2.913647E-10
53.820000	-1.479512E-10
53.826000	-1.397561E-10
53.832000	-3.175889E-10
53.838000	-2.182238E-10
53.844000	-2.577650E-10
53.850000	-2.856281E-10
53.856000	-2.936183E-10
53.862000	-2.489553E-10
53.868000	-2.344090E-10
53.874000	-2.817354E-10
53.880000	-2.264188E-10
53.886000	-2.751793E-10
53.892000	-3.134913E-10
53.898000	-2.383017E-10
53.904000	-2.493650E-10
53.910000	-2.311310E-10
53.916000	-2.460870E-10
53.922000	-2.469066E-10
53.928000	-2.809160E-10
53.934000	-2.434237E-10
53.940000	-2.389164E-10
53.946000	-2.579699E-10
53.952000	-2.520284E-10
53.958000	-2.678039E-10
53.964000	-2.790721E-10
53.970000	-3.069353E-10
53.976000	-2.417846E-10
53.982000	-2.803013E-10
53.988000	-2.686233E-10
53.994000	-2.647306E-10
54.000000	-2.837842E-10
54.006000	-3.304960E-10
54.012000	-2.798915E-10
54.018000	-2.954622E-10
54.024000	-2.837842E-10
54.030000	-2.569454E-10
54.036000	-3.757737E-10
54.042000	-3.509836E-10
54.048000	-2.616575E-10
54.054000	-2.925939E-10
54.060000	-2.839890E-10
54.066000	-2.567405E-10
54.072000	-3.151304E-10
54.078000	-2.774331E-10
54.084000	-2.731306E-10
54.090000	-2.673941E-10
54.096000	-3.284473E-10
54.102000	-2.702623E-10
54.108000	-2.954621E-10
54.114000	-3.098035E-10
54.120000	-2.692380E-10
54.126000	-3.366423E-10
54.132000	-2.921841E-10
54.138000	-1.870825E-10
54.144000	-2.843989E-10
54.150000	-1.807315E-10
54.156000	-1.270537E-10
54.162000	-2.946428E-10
54.168000	-3.196376E-10
54.174000	-1.629072E-10
54.180000	-2.895207E-10
54.186000	-2.639112E-10
54.192000	-2.010141E-10
54.198000	-2.618624E-10
54.204000	-2.028580E-10
54.210000	-2.942328E-10
54.216000	-2.786623E-10
54.222000	-3.108279E-10
54.228000	-1.727412E-10
54.234000	-3.200474E-10
54.240000	-2.610430E-10
54.246000	-2.782526E-10
54.252000	-3.055012E-10
54.258000	-2.579698E-10
54.264000	-1.467219E-10
54.270000	-2.907500E-10
54.276000	-3.028377E-10
54.282000	-3.384861E-10
54.288000	-1.987605E-10
54.294000	-2.315408E-10
54.300000	-2.975110E-10
54.306000	-1.604487E-10
54.312000	-3.149255E-10
54.318000	-1.995801E-10
54.324000	-1.676193E-10
54.330000	-2.803013E-10
54.336000	-1.799119E-10
54.342000	-1.176295E-10
54.348000	-2.460870E-10
54.354000	-1.485658E-10
54.360000	-2.171995E-10
54.366000	-2.983305E-10
54.372000	-2.014239E-10
54.378000	-2.561259E-10
54.384000	-2.872671E-10
54.390000	-2.770234E-10
54.396000	-2.538724E-10
54.402000	-2.790721E-10
54.408000	-3.643007E-10
54.414000	-2.884963E-10
54.420000	-2.731306E-10
54.426000	-2.925939E-10
54.432000	-2.846037E-10
54.438000	-2.487504E-10
54.444000	-2.745648E-10
54.450000	-1.741753E-10
54.456000	-2.106433E-10
54.462000	-2.524381E-10
54.468000	-3.247594E-10
54.474000	-2.815305E-10
54.480000	-2.337945E-10
54.486000	-2.510039E-10
54.492000	-2.323602E-10
54.498000	-2.454723E-10
54.504000	-4.507585E-10
54.510000	-3.393058E-10
54.516000	-2.481357E-10
54.522000	-3.427887E-10
54.528000	-2.784575E-10
54.534000	-2.176091E-10
54.540000	-3.651201E-10
54.546000	-2.825549E-10
54.552000	-2.389163E-10
54.558000	-3.503691E-10
54.564000	-2.823501E-10
54.570000	-2.563307E-10
54.576000	-2.893159E-10
54.582000	-3.075498E-10
54.588000	-2.735404E-10
54.594000	-2.968962E-10
54.600000	-3.538518E-10
54.606000	-2.743599E-10
54.612000	-3.870419E-10
54.618000	-3.831493E-10
54.624000	-2.348188E-10
54.630000	-3.595884E-10
54.636000	-2.987402E-10
54.642000	-2.364577E-10
54.648000	-2.669844E-10
54.654000	-3.030426E-10
54.660000	-2.784574E-10
54.666000	-3.177938E-10
54.672000	-3.091889E-10
54.678000	-2.680089E-10
54.684000	-2.591990E-10
54.690000	-2.821453E-10
54.696000	-2.667794E-10
54.702000	-2.887012E-10
54.708000	-3.063207E-10
54.714000	-2.647306E-10
54.720000	-2.684185E-10
54.726000	-3.190230E-10
54.732000	-2.637063E-10
54.738000	-2.639112E-10
54.744000	-2.680088E-10
54.750000	-2.977158E-10
54.756000	-3.235302E-10
54.762000	-3.309058E-10
54.768000	-2.993548E-10
54.774000	-2.899304E-10
54.780000	-3.145158E-10
54.786000	-2.579697E-10
54.792000	-2.694429E-10
54.798000	-1.678242E-10
54.804000	-1.723314E-10
54.810000	-2.919792E-10
54.816000	-2.423992E-10
54.822000	-2.268287E-10
54.828000	-2.985353E-10
54.834000	-2.714917E-10
54.840000	-2.436284E-10
54.846000	-2.766135E-10
54.852000	-3.003791E-10
54.858000	-2.458821E-10
54.864000	-2.848084E-10
54.870000	-3.100084E-10
54.876000	-3.593837E-10
54.882000	-2.532575E-10
54.888000	-3.407398E-10
54.894000	-2.757939E-10
54.900000	-2.704672E-10
54.906000	-4.730899E-10
54.912000	-3.153352E-10
54.918000	-1.999897E-10
54.924000	-3.858127E-10
54.930000	-2.624770E-10
54.936000	-2.710818E-10
54.942000	-3.003791E-10
54.948000	-2.719013E-10
54.954000	-2.366626E-10
54.960000	-2.815304E-10
54.966000	-3.263985E-10
54.972000	-2.925939E-10
54.978000	-3.030426E-10
54.984000	-2.991498E-10
54.990000	-2.292871E-10
54.996000	-2.903402E-10
55.002000	-2.618624E-10
