2.0200000000000005,8.768749e-07,0.0
2.0250000000000004,8.752107e-07,0.0
2.1225000000000005,8.660782e-07,0.0
2.1525000000000003,8.664964e-07,0.0
2.1850000000000005,8.637061e-07,0.0
2.2600000000000002,8.72083e-07,0.0
2.5275000000000003,8.629544e-07,0.0
2.5450000000000004,8.654887e-07,0.0
2.5700000000000003,8.74987e-07,0.0
2.5850000000000004,8.663537e-07,0.0
2.595,8.721339e-07,0.0
2.6050000000000004,8.683651e-07,0.0
2.615,8.751943e-07,0.0
2.6250000000000004,8.678319e-07,0.0
2.6350000000000002,8.728993e-07,0.0
2.6450000000000005,8.732464e-07,0.0
2.6550000000000002,8.732665e-07,0.0
2.6650000000000005,8.773627e-07,0.0
2.6750000000000003,8.857471e-07,0.0
2.6850000000000005,8.920411e-07,0.0
2.6950000000000003,8.954054e-07,0.0
2.7050000000000005,8.873889e-07,0.0
2.7150000000000003,9.041321e-07,0.0
2.7250000000000005,8.93472e-07,0.0
2.7350000000000003,8.925353e-07,0.0
2.7450000000000006,9.038855e-07,0.0
2.7550000000000003,9.06863e-07,0.0
2.7650000000000006,8.987535e-07,0.0
2.7750000000000004,9.054286e-07,0.0
2.7850000000000006,9.070265e-07,0.0
2.7950000000000004,9.053288e-07,0.0
2.8050000000000006,9.028794e-07,0.0
2.8150000000000004,9.024758e-07,0.0
2.8250000000000006,8.967382e-07,0.0
2.8350000000000004,8.925184e-07,0.0
2.845,8.866378e-07,0.0
2.8550000000000004,8.836097e-07,0.0
2.865,8.799377e-07,0.0
2.8750000000000004,8.798477e-07,0.0
2.8850000000000002,8.76985e-07,0.0
2.8950000000000005,8.814705e-07,0.0
2.9050000000000002,8.72786e-07,0.0
2.9150000000000005,8.678942e-07,0.0
2.9250000000000003,8.674528e-07,0.0
2.9350000000000005,8.70952e-07,0.0
2.9450000000000003,8.765822e-07,0.0
2.9550000000000005,8.736569e-07,0.0
2.9650000000000003,8.873902e-07,0.0
2.9750000000000005,8.761564e-07,0.0
2.9850000000000003,8.72234e-07,0.0
2.9950000000000006,8.741378e-07,0.0
3.0050000000000003,8.749708e-07,0.0
3.0150000000000006,8.826914e-07,0.0
3.0250000000000004,8.762174e-07,0.0
3.0350000000000006,8.737733e-07,0.0
3.0450000000000004,8.882695e-07,0.0
3.0550000000000006,8.783593e-07,0.0
3.0650000000000004,8.811716e-07,0.0
3.0750000000000006,8.893829e-07,0.0
3.0850000000000004,8.953704e-07,0.0
3.0950000000000006,8.983225e-07,0.0
3.1050000000000004,9.027156e-07,0.0
3.1150000000000007,9.119831e-07,0.0
3.1250000000000004,9.191565e-07,0.0
3.1350000000000002,9.177704e-07,0.0
3.1450000000000005,9.310463e-07,0.0
3.1550000000000002,9.375316e-07,0.0
3.1650000000000005,9.37225e-07,0.0
3.1750000000000003,9.463629e-07,0.0
3.1850000000000005,9.636989e-07,0.0
3.1950000000000003,9.593706e-07,0.0
3.2050000000000005,9.713068e-07,0.0
3.2150000000000003,9.783151e-07,0.0
3.2250000000000005,9.845497e-07,0.0
3.2350000000000003,9.852906e-07,0.0
3.2450000000000006,1.000962e-06,0.0
3.2550000000000003,1.003864e-06,0.0
3.2650000000000006,1.008675e-06,0.0
3.2750000000000004,1.003361e-06,0.0
3.2850000000000006,1.0118e-06,0.0
3.2950000000000004,1.009203e-06,0.0
3.3050000000000006,1.020049e-06,0.0
3.3150000000000004,1.022182e-06,0.0
3.3250000000000006,1.022283e-06,0.0
3.3350000000000004,1.027037e-06,0.0
3.3450000000000006,1.027843e-06,0.0
3.3550000000000004,1.030325e-06,0.0
3.3650000000000007,1.033391e-06,0.0
3.3750000000000004,1.034916e-06,0.0
3.3850000000000007,1.053284e-06,0.0
3.3950000000000005,1.04222e-06,0.0
3.4050000000000007,1.045429e-06,0.0
3.4150000000000005,1.048833e-06,0.0
3.4250000000000003,1.059582e-06,0.0
3.4350000000000005,1.045979e-06,0.0
3.4450000000000003,1.046944e-06,0.0
3.4550000000000005,1.057214e-06,0.0
3.4650000000000003,1.053817e-06,0.0
3.4750000000000005,1.054968e-06,0.0
3.4850000000000003,1.061687e-06,0.0
3.4950000000000006,1.055816e-06,0.0
3.5050000000000003,1.056612e-06,0.0
3.5150000000000006,1.066272e-06,0.0
3.5250000000000004,1.060414e-06,0.0
3.5350000000000006,1.065526e-06,0.0
3.5450000000000004,1.073338e-06,0.0
3.5550000000000006,1.066951e-06,0.0
3.5650000000000004,1.063608e-06,0.0
3.5750000000000006,1.062553e-06,0.0
3.5850000000000004,1.072761e-06,0.0
3.5950000000000006,1.063147e-06,0.0
3.6050000000000004,1.073047e-06,0.0
3.6150000000000007,1.076133e-06,0.0
3.6250000000000004,1.072331e-06,0.0
3.6350000000000007,1.069805e-06,0.0
3.6450000000000005,1.070458e-06,0.0
3.6550000000000007,1.069534e-06,0.0
3.6650000000000005,1.068495e-06,0.0
3.6750000000000007,1.073541e-06,0.0
3.6850000000000005,1.074063e-06,0.0
3.6950000000000007,1.073742e-06,0.0
3.7050000000000005,1.07377e-06,0.0
3.7150000000000007,1.083492e-06,0.0
3.7250000000000005,1.084766e-06,0.0
3.7350000000000003,1.075009e-06,0.0
3.7450000000000006,1.087335e-06,0.0
3.7550000000000003,1.106459e-06,0.0
3.7650000000000006,1.216847e-06,0.0
3.7750000000000004,1.484285e-06,0.0
3.7850000000000006,1.818929e-06,0.0
3.7950000000000004,2.025308e-06,0.0
3.8050000000000006,2.179002e-06,0.0
3.8150000000000004,2.666327e-06,0.0
3.8250000000000006,3.460331e-06,0.0
3.8350000000000004,3.606473e-06,0.0
3.8450000000000006,3.267259e-06,0.0
3.8550000000000004,3.381286e-06,0.0
3.8650000000000007,4.500953e-06,0.0
3.8750000000000004,5.094959e-06,0.0
3.8850000000000007,4.651406e-06,0.0
3.8950000000000005,4.367345e-06,0.0
3.9050000000000007,5.434074e-06,0.0
3.9150000000000005,6.382515e-06,0.0
3.9250000000000007,5.968021e-06,0.0
3.9350000000000005,5.703901e-06,0.0
3.9450000000000007,6.985461e-06,0.0
3.9550000000000005,7.292303e-06,0.0
3.9650000000000007,6.077628e-06,0.0
3.9750000000000005,6.274837e-06,0.0
3.9850000000000008,7.287569e-06,0.0
3.9950000000000006,7.512901e-06,0.0
4.005000000000001,9.364941e-06,0.0
4.015000000000001,2.010713e-05,0.0
4.025,2.244172e-05,0.0
4.035,1.046301e-05,0.0
4.045000000000001,8.813147e-06,0.0
4.055000000000001,8.133698e-06,0.0
4.065,8.690344e-06,0.0
4.075,1.122099e-05,0.0
4.085000000000001,1.182367e-05,0.0
4.095000000000001,1.063881e-05,0.0
4.105,1.179636e-05,0.0
4.115,1.379906e-05,0.0
4.125000000000001,1.418042e-05,0.0
4.135000000000001,1.66808e-05,0.0
4.1450000000000005,1.870572e-05,0.0
4.155,1.890718e-05,0.0
4.165000000000001,1.942859e-05,0.0
4.175000000000001,1.928777e-05,0.0
4.1850000000000005,1.989619e-05,0.0
4.195,2.086605e-05,0.0
4.205000000000001,2.38608e-05,0.0
4.215000000000001,2.580934e-05,0.0
4.2250000000000005,2.173838e-05,0.0
4.235,1.592132e-05,0.0
4.245000000000001,1.285725e-05,0.0
4.255000000000001,1.181209e-05,0.0
4.265000000000001,1.151174e-05,0.0
4.275,1.18544e-05,0.0
4.285000000000001,1.185125e-05,0.0
4.295000000000001,9.925247e-06,0.0
4.305000000000001,7.279937e-06,0.0
4.315,6.647987e-06,0.0
4.325,7.009624e-06,0.0
4.335000000000001,7.588314e-06,0.0
4.345000000000001,8.324834e-06,0.0
4.355,9.50656e-06,0.0
4.367500000000001,1.085871e-05,0.0
4.375000000000001,1.250932e-05,0.0
4.385000000000001,1.472351e-05,0.0
4.3950000000000005,1.577142e-05,0.0
4.405,1.610675e-05,0.0
4.415000000000001,1.595081e-05,0.0
4.425000000000001,1.572953e-05,0.0
4.4350000000000005,1.64072e-05,0.0
4.445,1.577544e-05,0.0
4.455000000000001,1.450461e-05,0.0
4.465000000000001,1.450081e-05,0.0
4.4750000000000005,1.41041e-05,0.0
4.485,1.293557e-05,0.0
4.495000000000001,1.185654e-05,0.0
4.505000000000001,1.123005e-05,0.0
4.515000000000001,1.081016e-05,0.0
4.525,9.994639e-06,0.0
4.535000000000001,9.365169e-06,0.0
4.545000000000001,9.080431e-06,0.0
4.555000000000001,1.06126e-05,0.0
4.565,1.307417e-05,0.0
4.575000000000001,1.314472e-05,0.0
4.585000000000001,1.298921e-05,0.0
4.595000000000001,1.35623e-05,0.0
4.605,1.342603e-05,0.0
4.617500000000001,1.349385e-05,0.0
4.625000000000001,1.391483e-05,0.0
4.635000000000001,1.379095e-05,0.0
4.6450000000000005,1.42179e-05,0.0
4.655,1.492117e-05,0.0
4.665000000000001,1.477973e-05,0.0
4.675000000000001,1.519906e-05,0.0
4.6850000000000005,1.49906e-05,0.0
4.695,1.506996e-05,0.0
4.705000000000001,1.552202e-05,0.0
4.715000000000001,1.579789e-05,0.0
4.7250000000000005,1.638242e-05,0.0
4.735,1.741987e-05,0.0
4.745000000000001,1.904871e-05,0.0
4.755000000000001,1.862694e-05,0.0
4.765000000000001,1.903106e-05,0.0
4.777500000000001,1.928704e-05,0.0
4.7875000000000005,1.838208e-05,0.0
4.7975,1.699477e-05,0.0
4.807500000000001,1.500549e-05,0.0
4.817500000000001,1.341087e-05,0.0
4.827500000000001,1.270736e-05,0.0
4.8375,1.357723e-05,0.0
4.847500000000001,1.496504e-05,0.0
4.855,1.582259e-05,0.0
4.865000000000001,1.733677e-05,0.0
4.875000000000001,1.825472e-05,0.0
4.885000000000001,1.903775e-05,0.0
4.8950000000000005,2.010702e-05,0.0
4.905000000000001,2.001767e-05,0.0
4.915000000000001,1.861706e-05,0.0
4.925000000000001,1.774205e-05,0.0
4.9350000000000005,1.690802e-05,0.0
4.945,1.558021e-05,0.0
4.955000000000001,1.654636e-05,0.0
4.965000000000001,2.097027e-05,0.0
4.9750000000000005,2.412375e-05,0.0
4.985,2.216086e-05,0.0
4.995000000000001,1.928902e-05,0.0
