Voltage[V]	Current[mA]
48.000000	5.576239E-6
48.006000	5.549532E-6
48.012000	5.531811E-6
48.018000	5.531594E-6
48.024000	5.524069E-6
48.030000	5.519024E-6
48.036000	5.506656E-6
48.042000	5.510135E-6
48.048000	5.503542E-6
48.054000	5.494734E-6
48.060000	5.496319E-6
48.066000	5.489457E-6
48.072000	5.476658E-6
48.078000	5.471644E-6
48.084000	5.474242E-6
48.090000	5.468308E-6
48.096000	5.462879E-6
48.102000	5.451675E-6
48.108000	5.446768E-6
48.114000	5.450716E-6
48.120000	5.458209E-6
48.126000	5.449571E-6
48.132000	5.445034E-6
48.138000	5.442288E-6
48.144000	5.447497E-6
48.150000	5.443874E-6
48.156000	5.455410E-6
48.162000	5.892030E-6
48.168000	5.952602E-6
48.174000	5.910520E-6
48.180000	6.167800E-6
48.186000	6.022805E-6
48.192000	6.423810E-6
48.198000	5.914313E-6
48.204000	5.771419E-6
48.210000	5.701988E-6
48.216000	5.665471E-6
48.222000	5.640111E-6
48.228000	5.599015E-6
48.234000	5.590969E-6
48.240000	5.570249E-6
48.246000	5.568079E-6
48.252000	5.552911E-6
48.258000	5.546116E-6
48.264000	5.533013E-6
48.270000	5.529554E-6
48.276000	5.522351E-6
48.282000	5.516584E-6
48.288000	5.518576E-6
48.294000	5.508873E-6
48.300000	5.504647E-6
48.306000	5.491872E-6
48.312000	5.489732E-6
48.318000	5.497508E-6
48.324000	5.488328E-6
48.330000	5.492844E-6
48.336000	5.500598E-6
48.342000	5.503662E-6
48.348000	5.519348E-6
48.354000	5.515777E-6
48.360000	5.518554E-6
48.366000	5.525322E-6
48.372000	5.530918E-6
48.378000	5.533744E-6
48.384000	5.531782E-6
48.390000	5.540246E-6
48.396000	5.543805E-6
48.402000	5.541887E-6
48.408000	5.537486E-6
48.414000	5.538201E-6
48.420000	5.532806E-6
48.426000	5.541444E-6
48.432000	5.546514E-6
48.438000	5.556011E-6
48.444000	5.540424E-6
48.450000	5.548603E-6
48.456000	5.543593E-6
48.462000	5.546292E-6
48.468000	5.555306E-6
48.474000	5.569424E-6
48.480000	5.560330E-6
48.486000	5.553148E-6
48.492000	5.544313E-6
48.498000	5.557543E-6
48.504000	5.552105E-6
48.510000	5.549713E-6
48.516000	5.549424E-6
48.522000	5.550109E-6
48.528000	5.545343E-6
48.534000	5.539702E-6
48.540000	5.537386E-6
48.546000	5.537427E-6
48.552000	5.532903E-6
48.558000	5.522199E-6
48.564000	5.527846E-6
48.570000	5.522529E-6
48.576000	5.526079E-6
48.582000	5.527333E-6
48.588000	5.520969E-6
48.594000	5.518065E-6
48.600000	5.523022E-6
48.606000	5.523394E-6
48.612000	5.515663E-6
48.618000	5.514511E-6
48.624000	5.510290E-6
48.630000	5.502112E-6
48.636000	5.502492E-6
48.642000	5.498729E-6
48.648000	5.490941E-6
48.654000	5.492964E-6
48.660000	5.494843E-6
48.666000	5.490567E-6
48.672000	5.488065E-6
48.678000	5.483215E-6
48.684000	5.481207E-6
48.690000	5.480853E-6
48.696000	5.482125E-6
48.702000	5.483539E-6
48.708000	5.483010E-6
48.714000	5.482126E-6
48.720000	5.481023E-6
48.726000	5.477722E-6
48.732000	5.478496E-6
48.738000	5.481765E-6
48.744000	5.479511E-6
48.750000	5.489241E-6
48.756000	5.492984E-6
48.762000	5.488296E-6
48.768000	5.487879E-6
48.774000	5.483595E-6
48.780000	5.480132E-6
48.786000	5.485418E-6
48.792000	5.475157E-6
48.798000	5.484359E-6
48.804000	5.488890E-6
48.810000	5.489555E-6
48.816000	5.488388E-6
48.822000	5.487100E-6
48.828000	5.501492E-6
48.834000	5.498736E-6
48.840000	5.503239E-6
48.846000	5.508569E-6
48.852000	5.505918E-6
48.858000	5.496473E-6
48.864000	5.506964E-6
48.870000	5.504390E-6
48.876000	5.511211E-6
48.882000	5.494047E-6
48.888000	5.492802E-6
48.894000	5.493780E-6
48.900000	5.483683E-6
48.906000	5.476039E-6
48.912000	5.479906E-6
48.918000	5.473206E-6
48.924000	5.464515E-6
48.930000	5.476327E-6
48.936000	5.461586E-6
48.942000	5.453298E-6
48.948000	5.448636E-6
48.954000	5.445804E-6
48.960000	5.433146E-6
48.966000	5.443356E-6
48.972000	5.434677E-6
48.978000	5.440507E-6
48.984000	5.434261E-6
48.990000	5.431041E-6
48.996000	5.436072E-6
49.002000	5.427713E-6
49.008000	5.429682E-6
49.014000	5.430324E-6
49.020000	5.430050E-6
49.026000	5.436424E-6
49.032000	5.435917E-6
49.038000	5.431235E-6
49.044000	5.424978E-6
49.050000	5.430035E-6
49.056000	5.429864E-6
49.062000	5.428625E-6
49.068000	5.425529E-6
49.074000	5.420810E-6
49.080000	5.434047E-6
49.086000	5.426758E-6
49.092000	5.423000E-6
49.098000	5.430238E-6
49.104000	5.428692E-6
49.110000	5.426001E-6
49.116000	5.431922E-6
49.122000	5.424082E-6
49.128000	5.428535E-6
49.134000	5.420766E-6
49.140000	5.410300E-6
49.146000	5.421323E-6
49.152000	5.419623E-6
49.158000	5.420930E-6
49.164000	5.415230E-6
49.170000	5.415198E-6
49.176000	5.409050E-6
49.182000	5.416235E-6
49.188000	5.420290E-6
49.194000	5.413820E-6
49.200000	5.411690E-6
49.206000	5.415458E-6
49.212000	5.414706E-6
49.218000	5.413448E-6
49.224000	5.414980E-6
49.230000	5.407061E-6
49.236000	5.423247E-6
49.242000	5.418412E-6
49.248000	6.989604E-6
49.254000	5.695314E-6
49.260000	5.585974E-6
49.266000	5.532418E-6
49.272000	5.517128E-6
49.278000	5.507952E-6
49.284000	5.512326E-6
49.290000	5.510148E-6
49.296000	6.104923E-6
49.302000	5.762016E-6
49.308000	5.687276E-6
49.314000	5.647119E-6
49.320000	5.619023E-6
49.326000	5.592640E-6
49.332000	5.562497E-6
49.338000	5.566107E-6
49.344000	5.547812E-6
49.350000	5.535016E-6
49.356000	5.532050E-6
49.362000	5.516615E-6
49.368000	5.501076E-6
49.374000	5.500092E-6
49.380000	5.492609E-6
49.386000	5.478830E-6
49.392000	5.489268E-6
49.398000	5.486611E-6
49.404000	5.490892E-6
49.410000	5.501346E-6
49.416000	5.489565E-6
49.422000	5.489663E-6
49.428000	5.500568E-6
49.434000	5.497792E-6
49.440000	5.493612E-6
49.446000	5.493703E-6
49.452000	5.496586E-6
49.458000	5.471651E-6
49.464000	5.461427E-6
49.470000	5.454079E-6
49.476000	5.461732E-6
49.482000	5.456920E-6
49.488000	5.457066E-6
49.494000	5.450964E-6
49.500000	5.444036E-6
49.506000	5.442090E-6
49.512000	5.442868E-6
49.518000	5.442229E-6
49.524000	5.451049E-6
49.530000	5.446732E-6
49.536000	5.455660E-6
49.542000	5.432444E-6
49.548000	5.445859E-6
49.554000	5.445353E-6
49.560000	5.452501E-6
49.566000	5.455503E-6
49.572000	5.459019E-6
49.578000	5.474103E-6
49.584000	5.485096E-6
49.590000	5.490512E-6
49.596000	5.497188E-6
49.602000	5.483396E-6
49.608000	5.486047E-6
49.614000	5.470939E-6
49.620000	5.487975E-6
49.626000	5.483403E-6
49.632000	5.483093E-6
49.638000	5.483637E-6
49.644000	5.490109E-6
49.650000	5.500197E-6
49.656000	5.496491E-6
49.662000	5.497885E-6
49.668000	5.492626E-6
49.674000	5.494463E-6
49.680000	5.492510E-6
49.686000	5.496685E-6
49.692000	5.499053E-6
49.698000	5.497919E-6
49.704000	5.494208E-6
49.710000	5.496669E-6
49.716000	5.498618E-6
49.722000	5.498394E-6
49.728000	5.502979E-6
49.734000	5.494225E-6
49.740000	5.498140E-6
49.746000	5.504429E-6
49.752000	5.496409E-6
49.758000	5.501518E-6
49.764000	5.506982E-6
49.770000	5.497367E-6
49.776000	5.487263E-6
49.782000	5.481115E-6
49.788000	5.488426E-6
49.794000	5.482376E-6
49.800000	5.489153E-6
49.806000	5.480047E-6
49.812000	5.476165E-6
49.818000	5.477697E-6
49.824000	5.474487E-6
49.830000	5.471138E-6
49.836000	5.476961E-6
49.842000	5.481255E-6
49.848000	5.472418E-6
49.854000	5.466579E-6
49.860000	5.472326E-6
49.866000	5.479271E-6
49.872000	5.482639E-6
49.878000	5.476908E-6
49.884000	5.485302E-6
49.890000	5.476946E-6
49.896000	5.477479E-6
49.902000	5.470292E-6
49.908000	5.471538E-6
49.914000	5.481290E-6
49.920000	5.478675E-6
49.926000	5.483873E-6
49.932000	5.477855E-6
49.938000	5.479125E-6
49.944000	5.474170E-6
49.950000	5.474643E-6
49.956000	5.477733E-6
49.962000	5.476305E-6
49.968000	5.482812E-6
49.974000	5.474713E-6
49.980000	5.472484E-6
49.986000	5.468126E-6
49.992000	5.466934E-6
49.998000	5.458127E-6
50.004000	5.465520E-6
50.010000	5.473508E-6
50.016000	5.470203E-6
50.022000	5.466796E-6
50.028000	5.466377E-6
50.034000	5.459595E-6
50.040000	5.466272E-6
50.046000	5.464988E-6
50.052000	5.468258E-6
50.058000	5.461358E-6
50.064000	5.455893E-6
50.070000	5.461174E-6
50.076000	5.465636E-6
50.082000	5.466181E-6
50.088000	5.466159E-6
50.094000	5.465596E-6
50.100000	5.474186E-6
50.106000	5.475287E-6
50.112000	5.476317E-6
50.118000	5.484580E-6
50.124000	5.479152E-6
50.130000	5.473807E-6
50.136000	5.475973E-6
50.142000	5.475278E-6
50.148000	5.475500E-6
50.154000	5.472126E-6
50.160000	5.472691E-6
50.166000	5.476622E-6
50.172000	5.474419E-6
50.178000	5.471739E-6
50.184000	5.467241E-6
50.190000	5.467925E-6
50.196000	5.476899E-6
50.202000	5.476100E-6
50.208000	5.471750E-6
50.214000	5.472792E-6
50.220000	5.471580E-6
50.226000	5.473624E-6
50.232000	5.476109E-6
50.238000	5.469553E-6
50.244000	5.465381E-6
50.250000	5.471291E-6
50.256000	5.475545E-6
50.262000	5.471787E-6
50.268000	5.460486E-6
50.274000	5.465890E-6
50.280000	5.476751E-6
50.286000	5.473291E-6
50.292000	5.489682E-6
50.298000	5.489231E-6
50.304000	5.535027E-6
50.310000	5.577820E-6
50.316000	5.578314E-6
50.322000	5.559645E-6
50.328000	5.555205E-6
50.334000	5.537383E-6
50.340000	5.531355E-6
50.346000	5.544077E-6
50.352000	5.566987E-6
50.358000	5.561031E-6
50.364000	5.553386E-6
50.370000	5.549202E-6
50.376000	5.550877E-6
50.382000	5.544918E-6
50.388000	5.551175E-6
50.394000	5.549285E-6
50.400000	5.566416E-6
50.406000	5.740102E-6
50.412000	5.671593E-6
50.418000	5.645723E-6
50.424000	5.619885E-6
50.430000	5.586337E-6
50.436000	5.597065E-6
50.442000	5.741093E-6
50.448000	5.719273E-6
50.454000	5.753502E-6
50.460000	5.721838E-6
50.466000	5.685180E-6
50.472000	5.660796E-6
50.478000	5.643370E-6
50.484000	5.633634E-6
50.490000	5.628292E-6
50.496000	5.620619E-6
50.502000	5.612326E-6
50.508000	5.615237E-6
50.514000	5.605148E-6
50.520000	5.603870E-6
50.526000	5.599984E-6
50.532000	5.598138E-6
50.538000	5.597916E-6
50.544000	5.587564E-6
50.550000	5.589179E-6
50.556000	5.590011E-6
50.562000	5.585616E-6
50.568000	5.585026E-6
50.574000	5.584291E-6
50.580000	5.580038E-6
50.586000	5.584445E-6
50.592000	5.585882E-6
50.598000	5.581696E-6
50.604000	5.583612E-6
50.610000	5.586583E-6
50.616000	5.594857E-6
50.622000	5.604497E-6
50.628000	5.596868E-6
50.634000	5.586875E-6
50.640000	5.592679E-6
50.646000	5.597347E-6
50.652000	5.596724E-6
50.658000	5.590754E-6
50.664000	5.592269E-6
50.670000	5.585368E-6
50.676000	5.581451E-6
50.682000	5.579568E-6
50.688000	5.588878E-6
50.694000	5.581803E-6
50.700000	5.585752E-6
50.706000	5.588325E-6
50.712000	5.587866E-6
50.718000	5.604620E-6
50.724000	5.598845E-6
50.730000	5.606949E-6
50.736000	5.602241E-6
50.742000	5.601728E-6
50.748000	5.603413E-6
50.754000	5.601825E-6
50.760000	5.602497E-6
50.766000	5.606559E-6
50.772000	5.605396E-6
50.778000	5.607111E-6
50.784000	5.603032E-6
50.790000	5.606406E-6
50.796000	5.608716E-6
50.802000	5.611254E-6
50.808000	5.614769E-6
50.814000	5.609017E-6
50.820000	5.615763E-6
50.826000	5.620779E-6
50.832000	5.617997E-6
50.838000	5.629201E-6
50.844000	5.621464E-6
50.850000	5.623608E-6
50.856000	5.633987E-6
50.862000	5.630583E-6
50.868000	5.638543E-6
50.874000	5.634203E-6
50.880000	5.634554E-6
50.886000	5.640914E-6
50.892000	5.639492E-6
50.898000	5.654098E-6
50.904000	5.771692E-6
50.910000	5.759565E-6
50.916000	5.741002E-6
50.922000	5.735903E-6
50.928000	5.735370E-6
50.934000	5.728272E-6
50.940000	5.731525E-6
50.946000	5.724771E-6
50.952000	5.730410E-6
50.958000	5.735057E-6
50.964000	5.729281E-6
50.970000	5.730657E-6
50.976000	5.740220E-6
50.982000	5.736266E-6
50.988000	5.746208E-6
50.994000	5.740455E-6
51.000000	5.749706E-6
51.006000	5.770606E-6
51.012000	5.763199E-6
51.018000	5.773554E-6
51.024000	5.765103E-6
51.030000	5.766869E-6
51.036000	5.782693E-6
51.042000	5.787556E-6
51.048000	5.793447E-6
51.054000	5.781751E-6
51.060000	5.807793E-6
51.066000	5.821486E-6
51.072000	5.816460E-6
51.078000	5.834288E-6
51.084000	5.861096E-6
51.090000	6.161242E-6
51.096000	6.093875E-6
51.102000	6.113507E-6
51.108000	6.054986E-6
51.114000	6.029502E-6
51.120000	6.032136E-6
51.126000	6.042301E-6
51.132000	6.046736E-6
51.138000	6.057223E-6
51.144000	6.054335E-6
51.150000	6.086234E-6
51.156000	6.112019E-6
51.162000	6.110042E-6
51.168000	6.137895E-6
51.174000	6.135966E-6
51.180000	6.169767E-6
51.186000	6.198686E-6
51.192000	6.193877E-6
51.198000	6.224486E-6
51.204000	6.233090E-6
51.210000	6.270333E-6
51.216000	6.335032E-6
51.222000	6.338763E-6
51.228000	6.388431E-6
51.234000	6.384849E-6
51.240000	6.444854E-6
51.246000	6.525646E-6
51.252000	6.531270E-6
51.258000	6.624929E-6
51.264000	6.625557E-6
51.270000	6.731508E-6
51.276000	6.853894E-6
51.282000	6.839735E-6
51.288000	6.972390E-6
51.294000	6.976556E-6
51.300000	7.150472E-6
51.306000	7.362871E-6
51.312000	7.352401E-6
51.318000	7.592743E-6
51.324000	7.614782E-6
51.330000	7.934227E-6
51.336000	8.275583E-6
51.342000	8.230791E-6
51.348000	8.670835E-6
51.354000	8.655241E-6
51.360000	9.125806E-6
51.366000	9.660660E-6
51.372000	9.681460E-6
51.378000	1.036300E-5
51.384000	1.038581E-5
51.390000	1.123257E-5
51.396000	1.213927E-5
51.402000	1.212319E-5
51.408000	1.313593E-5
51.414000	1.326476E-5
51.420000	1.450515E-5
51.426000	1.599189E-5
51.432000	1.605496E-5
51.438000	1.659532E-5
51.444000	1.655703E-5
51.450000	1.655723E-5
51.456000	2.222343E-5
51.462000	2.212100E-5
51.468000	2.488552E-5
51.474000	2.478601E-5
51.480000	2.784584E-5
51.486000	3.115254E-5
51.492000	3.099009E-5
51.498000	3.472789E-5
51.504000	3.495967E-5
51.510000	3.901457E-5
51.516000	4.307606E-5
51.522000	4.343260E-5
51.528000	4.810397E-5
51.534000	4.810026E-5
51.540000	5.347961E-5
51.546000	5.876519E-5
51.552000	5.887809E-5
51.558000	6.462098E-5
51.564000	6.447502E-5
51.570000	7.139678E-5
51.576000	7.770914E-5
51.582000	7.806540E-5
51.588000	8.482186E-5
51.594000	8.522653E-5
51.600000	9.270676E-5
51.606000	0.000100
51.612000	0.000101
51.618000	0.000109
51.624000	0.000108
51.630000	0.000117
51.636000	0.000126
51.642000	0.000126
51.648000	0.000136
51.654000	0.000136
51.660000	0.000145
51.666000	0.000154
51.672000	0.000154
51.678000	0.000165
51.684000	0.000165
51.690000	0.000175
51.696000	0.000186
51.702000	0.000187
51.708000	0.000197
51.714000	0.000197
51.720000	0.000209
51.726000	0.005168
51.732000	0.005168
51.738000	0.005217
51.744000	0.005222
51.750000	0.005275
51.756000	0.005325
51.762000	0.005328
51.768000	0.005370
51.774000	0.005373
51.780000	0.005420
51.786000	0.005470
51.792000	0.005471
51.798000	0.005518
51.804000	0.005518
51.810000	0.005562
51.816000	0.005604
51.822000	0.005604
51.828000	0.005650
51.834000	0.005650
51.840000	0.005691
51.846000	0.005731
51.852000	0.005735
51.858000	0.005779
51.864000	0.005771
51.870000	0.005819
51.876000	0.005863
51.882000	0.005862
51.888000	0.005903
51.894000	0.005896
51.900000	0.005925
51.906000	0.005971
51.912000	0.005967
51.918000	0.006008
51.924000	0.006013
51.930000	0.006052
51.936000	0.006089
51.942000	0.006093
51.948000	0.006128
51.954000	0.006117
51.960000	0.006160
51.966000	0.006199
51.972000	0.006196
51.978000	0.006229
51.984000	0.006248
51.990000	0.006276
51.996000	0.006314
52.002000	0.006291
52.008000	0.006351
52.014000	0.006351
52.020000	0.006381
52.026000	0.006498
52.032000	0.006428
52.038000	0.006466
52.044000	0.006462
52.050000	0.006493
52.056000	0.006526
52.062000	0.006527
52.068000	0.006569
52.074000	0.006570
52.080000	0.006603
52.086000	0.006640
52.092000	0.006640
52.098000	0.006682
52.104000	0.006688
52.110000	0.006731
52.116000	0.006767
52.122000	0.006764
52.128000	0.006801
52.134000	0.006799
52.140000	0.006837
52.146000	0.006874
52.152000	0.006876
52.158000	0.006915
52.164000	0.006916
52.170000	0.006959
52.176000	0.007002
52.182000	0.007001
52.188000	0.007031
52.194000	0.007037
52.200000	0.007068
52.206000	0.007111
52.212000	0.007103
52.218000	0.007145
52.224000	0.007147
52.230000	0.007178
52.236000	0.007212
52.242000	0.007212
52.248000	0.007252
52.254000	0.007254
52.260000	0.007284
52.266000	0.007318
52.272000	0.007320
52.278000	0.007355
52.284000	0.007356
52.290000	0.007394
52.296000	0.007432
52.302000	0.007425
52.308000	0.007466
52.314000	0.007469
52.320000	0.007496
52.326000	0.007579
52.332000	0.007536
52.338000	0.007571
52.344000	0.007566
52.350000	0.007599
52.356000	0.007642
52.362000	0.007650
52.368000	0.007687
52.374000	0.007685
52.380000	0.007728
52.386000	0.007760
52.392000	0.007762
52.398000	0.007800
52.404000	0.007798
52.410000	0.007836
52.416000	0.007865
52.422000	0.007865
52.428000	0.007912
52.434000	0.007901
52.440000	0.007943
52.446000	0.007977
52.452000	0.007975
52.458000	0.008016
52.464000	0.008016
52.470000	0.008048
52.476000	0.008084
52.482000	0.008088
52.488000	0.008127
52.494000	0.008123
52.500000	0.008161
52.506000	0.008199
52.512000	0.008204
52.518000	0.008236
52.524000	0.008231
52.530000	0.008278
52.536000	0.008300
52.542000	0.008298
52.548000	0.008341
52.554000	0.008346
52.560000	0.008384
52.566000	0.008453
52.572000	0.008452
52.578000	0.008491
52.584000	0.008486
52.590000	0.008519
52.596000	0.008554
52.602000	0.008555
52.608000	0.008607
52.614000	0.008596
52.620000	0.008628
52.626000	0.008664
52.632000	0.008661
52.638000	0.008701
52.644000	0.008710
52.650000	0.008747
52.656000	0.008778
52.662000	0.008772
52.668000	0.008806
52.674000	0.008870
52.680000	0.008833
52.686000	0.008871
52.692000	0.008880
52.698000	0.008898
52.704000	0.008913
52.710000	0.008947
52.716000	0.008991
52.722000	0.008995
52.728000	0.009022
52.734000	0.009026
52.740000	0.009066
52.746000	0.009104
52.752000	0.009100
52.758000	0.009141
52.764000	0.009142
52.770000	0.009181
52.776000	0.009234
52.782000	0.009232
52.788000	0.009270
52.794000	0.009268
52.800000	0.009313
52.806000	0.009347
52.812000	0.009345
52.818000	0.009389
52.824000	0.009397
52.830000	0.009431
52.836000	0.009470
52.842000	0.009473
52.848000	0.009505
52.854000	0.009502
52.860000	0.009545
52.866000	0.009581
52.872000	0.009582
52.878000	0.009619
52.884000	0.009620
52.890000	0.009664
52.896000	0.009695
52.902000	0.009705
52.908000	0.009742
52.914000	0.009752
52.920000	0.009791
52.926000	0.009845
52.932000	0.009848
52.938000	0.009892
52.944000	0.009887
52.950000	0.009930
52.956000	0.009964
52.962000	0.009972
52.968000	0.010012
52.974000	0.009996
52.980000	0.010043
52.986000	0.010082
52.992000	0.010085
52.998000	0.010124
53.004000	0.010121
53.010000	0.010171
53.016000	0.010233
53.022000	0.010265
53.028000	0.010284
53.034000	0.010286
53.040000	0.010324
53.046000	0.010371
53.052000	0.010369
53.058000	0.010412
53.064000	0.010425
53.070000	0.010469
53.076000	0.010493
53.082000	0.010491
53.088000	0.010552
53.094000	0.010537
53.100000	0.010583
53.106000	0.010625
53.112000	0.010628
53.118000	0.010668
53.124000	0.010676
53.130000	0.010715
53.136000	0.010740
53.142000	0.010730
53.148000	0.010778
53.154000	0.010790
53.160000	0.010833
53.166000	0.010870
53.172000	0.010872
53.178000	0.010925
53.184000	0.010905
53.190000	0.010944
53.196000	0.010993
53.202000	0.010991
53.208000	0.011048
53.214000	0.011052
53.220000	0.011086
53.226000	0.011120
53.232000	0.011110
53.238000	0.011157
53.244000	0.011155
53.250000	0.011191
53.256000	0.011243
53.262000	0.011260
53.268000	0.011305
53.274000	0.011289
53.280000	0.011349
53.286000	0.011384
53.292000	0.011375
53.298000	0.011389
53.304000	0.011403
53.310000	0.011435
53.316000	0.011483
53.322000	0.011477
53.328000	0.011528
53.334000	0.011538
53.340000	0.011566
53.346000	0.011610
53.352000	0.011619
53.358000	0.011642
53.364000	0.011646
53.370000	0.011703
53.376000	0.011731
53.382000	0.011727
53.388000	0.011789
53.394000	0.011782
53.400000	0.011813
53.406000	0.011859
53.412000	0.011868
53.418000	0.011905
53.424000	0.011918
53.430000	0.011958
53.436000	0.011998
53.442000	0.012002
53.448000	0.012048
53.454000	0.012030
53.460000	0.012092
53.466000	0.012126
53.472000	0.012119
53.478000	0.012169
53.484000	0.012157
53.490000	0.012203
53.496000	0.012252
53.502000	0.012259
53.508000	0.012290
53.514000	0.012283
53.520000	0.012346
53.526000	0.012373
53.532000	0.012374
53.538000	0.012429
53.544000	0.012415
53.550000	0.012469
53.556000	0.012514
53.562000	0.012516
53.568000	0.012551
53.574000	0.012565
53.580000	0.012609
53.586000	0.012645
53.592000	0.012644
53.598000	0.012685
53.604000	0.012703
53.610000	0.012742
53.616000	0.012775
53.622000	0.012783
53.628000	0.012825
53.634000	0.012823
53.640000	0.012861
53.646000	0.012910
53.652000	0.012904
53.658000	0.012967
53.664000	0.012961
53.670000	0.013011
53.676000	0.013052
53.682000	0.013050
53.688000	0.013100
53.694000	0.013094
53.700000	0.013149
53.706000	0.013180
53.712000	0.013179
53.718000	0.013226
53.724000	0.013229
53.730000	0.013269
53.736000	0.013312
53.742000	0.013322
53.748000	0.013365
53.754000	0.013371
53.760000	0.013402
53.766000	0.013459
53.772000	0.013462
53.778000	0.013566
53.784000	0.013566
53.790000	0.013618
53.796000	0.013648
53.802000	0.013633
53.808000	0.013701
53.814000	0.013687
53.820000	0.013723
53.826000	0.013784
53.832000	0.013774
53.838000	0.013797
53.844000	0.013794
53.850000	0.013755
53.856000	0.013789
53.862000	0.013789
53.868000	0.013905
53.874000	0.013837
53.880000	0.013875
53.886000	0.013929
53.892000	0.013925
53.898000	0.013962
53.904000	0.013984
53.910000	0.014000
53.916000	0.014070
53.922000	0.014048
53.928000	0.014083
53.934000	0.014070
53.940000	0.014102
53.946000	0.014150
53.952000	0.014143
53.958000	0.014166
53.964000	0.014185
53.970000	0.014238
53.976000	0.014282
53.982000	0.014275
53.988000	0.014340
53.994000	0.014351
54.000000	0.014367
54.006000	0.014385
54.012000	0.014358
54.018000	0.014609
54.024000	0.014395
54.030000	0.014465
54.036000	0.014528
54.042000	0.014550
54.048000	0.014621
54.054000	0.014601
54.060000	0.014641
54.066000	0.014701
54.072000	0.014688
54.078000	0.014733
54.084000	0.014718
54.090000	0.014766
54.096000	0.014815
54.102000	0.014827
54.108000	0.014897
54.114000	0.014882
54.120000	0.014936
54.126000	0.014973
54.132000	0.014951
54.138000	0.014987
54.144000	0.014994
54.150000	0.015029
54.156000	0.015092
54.162000	0.015109
54.168000	0.015145
54.174000	0.015134
54.180000	0.015191
54.186000	0.015266
54.192000	0.015239
54.198000	0.015292
54.204000	0.015268
54.210000	0.015340
54.216000	0.015394
54.222000	0.015374
54.228000	0.015414
54.234000	0.015431
54.240000	0.015483
54.246000	0.015542
54.252000	0.015537
54.258000	0.015572
54.264000	0.015591
54.270000	0.015609
54.276000	0.015676
54.282000	0.015669
54.288000	0.015731
54.294000	0.015749
54.300000	0.015809
54.306000	0.015858
54.312000	0.015883
54.318000	0.015909
54.324000	0.015923
54.330000	0.015965
54.336000	0.016038
54.342000	0.016043
54.348000	0.016078
54.354000	0.016112
54.360000	0.016085
54.366000	0.016097
54.372000	0.016108
54.378000	0.016166
54.384000	0.016158
54.390000	0.016210
54.396000	0.016233
54.402000	0.016235
54.408000	0.016257
54.414000	0.016283
54.420000	0.016361
54.426000	0.016406
54.432000	0.016388
54.438000	0.016476
54.444000	0.016461
54.450000	0.016501
54.456000	0.016555
54.462000	0.016552
54.468000	0.016604
54.474000	0.016645
54.480000	0.016699
54.486000	0.016702
54.492000	0.016710
54.498000	0.016764
54.504000	0.016758
54.510000	0.016815
54.516000	0.016854
54.522000	0.016855
54.528000	0.016909
54.534000	0.016926
54.540000	0.016970
54.546000	0.017034
54.552000	0.017006
54.558000	0.017059
54.564000	0.017059
54.570000	0.017128
54.576000	0.017163
54.582000	0.017177
54.588000	0.017227
54.594000	0.017204
54.600000	0.017264
54.606000	0.017324
54.612000	0.017331
54.618000	0.017381
54.624000	0.017358
54.630000	0.017444
54.636000	0.017466
54.642000	0.017449
54.648000	0.017519
54.654000	0.017510
54.660000	0.017575
54.666000	0.017625
54.672000	0.017619
54.678000	0.017646
54.684000	0.017670
54.690000	0.017691
54.696000	0.017780
54.702000	0.017773
54.708000	0.017829
54.714000	0.017787
54.720000	0.017856
54.726000	0.017936
54.732000	0.017925
54.738000	0.017977
54.744000	0.017967
54.750000	0.018027
54.756000	0.017974
54.762000	0.018000
54.768000	0.018042
54.774000	0.018049
54.780000	0.018114
54.786000	0.018167
54.792000	0.018242
54.798000	0.018283
54.804000	0.018299
54.810000	0.018345
54.816000	0.018385
54.822000	0.018382
54.828000	0.018406
54.834000	0.018431
54.840000	0.018498
54.846000	0.018542
54.852000	0.018551
54.858000	0.018619
54.864000	0.018619
54.870000	0.018694
54.876000	0.018733
54.882000	0.018741
54.888000	0.018815
54.894000	0.018771
54.900000	0.018826
54.906000	0.018876
54.912000	0.018886
54.918000	0.018912
54.924000	0.018880
54.930000	0.018961
54.936000	0.018979
54.942000	0.018987
54.948000	0.019055
54.954000	0.019078
54.960000	0.019086
54.966000	0.019173
54.972000	0.019171
54.978000	0.019238
54.984000	0.019237
54.990000	0.019239
54.996000	0.019301
55.002000	0.019312
