Voltage[V]	Current[mA]
48.000000	-1.411902E-10
48.006000	-1.706924E-10
48.012000	-1.708972E-10
48.018000	-2.370723E-10
48.024000	-2.575599E-10
48.030000	-2.296968E-10
48.036000	-2.598136E-10
48.042000	-2.448577E-10
48.048000	-2.299017E-10
48.054000	-2.735403E-10
48.060000	-2.188383E-10
48.066000	-3.245545E-10
48.072000	-2.499795E-10
48.078000	-2.803012E-10
48.084000	-2.499794E-10
48.090000	-3.292667E-10
48.096000	-2.829646E-10
48.102000	-2.843988E-10
48.108000	-2.729256E-10
48.114000	-2.296967E-10
48.120000	-3.042717E-10
48.126000	-2.975108E-10
48.132000	-2.612476E-10
48.138000	-2.491600E-10
48.144000	-3.159496E-10
48.150000	-2.921840E-10
48.156000	-2.700574E-10
48.162000	-3.020182E-10
48.168000	-3.020181E-10
48.174000	-2.805060E-10
48.180000	-2.772281E-10
48.186000	-2.823499E-10
48.192000	-2.667793E-10
48.198000	-2.469063E-10
48.204000	-2.678037E-10
48.210000	-2.770233E-10
48.216000	-2.827597E-10
48.222000	-2.952571E-10
48.228000	-2.852182E-10
48.234000	-2.721062E-10
48.240000	-2.585843E-10
48.246000	-3.149254E-10
48.252000	-2.850134E-10
48.258000	-3.071400E-10
48.264000	-2.716963E-10
48.270000	-2.723110E-10
48.276000	-2.966913E-10
48.282000	-3.161546E-10
48.288000	-2.780475E-10
48.294000	-3.083693E-10
48.300000	-3.237349E-10
48.306000	-3.182033E-10
48.312000	-2.942328E-10
48.318000	-2.954621E-10
48.324000	-2.692378E-10
48.330000	-2.899304E-10
48.336000	-2.895206E-10
48.342000	-2.823500E-10
48.348000	-2.833744E-10
48.354000	-2.827598E-10
48.360000	-2.786621E-10
48.366000	-2.762038E-10
48.372000	-3.114424E-10
48.378000	-2.831694E-10
48.384000	-2.809158E-10
48.390000	-2.803012E-10
48.396000	-2.997645E-10
48.402000	-3.022229E-10
48.408000	-3.415592E-10
48.414000	-2.755891E-10
48.420000	-2.839890E-10
48.426000	-3.042717E-10
48.432000	-2.997644E-10
48.438000	-2.934132E-10
48.444000	-3.448373E-10
48.450000	-2.639111E-10
48.456000	-3.319299E-10
48.462000	-2.884963E-10
48.468000	-2.966913E-10
48.474000	-3.071400E-10
48.480000	-2.880865E-10
48.486000	-3.403300E-10
48.492000	-2.942328E-10
48.498000	-2.813255E-10
48.504000	-3.200472E-10
48.510000	-2.891109E-10
48.516000	-2.653452E-10
48.522000	-2.954621E-10
48.528000	-3.030424E-10
48.534000	-2.505942E-10
48.540000	-2.364576E-10
48.546000	-2.925937E-10
48.552000	-3.040667E-10
48.558000	-2.975107E-10
48.564000	-3.050913E-10
48.570000	-2.518234E-10
48.576000	-3.159496E-10
48.582000	-3.075498E-10
48.588000	-2.620672E-10
48.594000	-2.813255E-10
48.600000	-2.977156E-10
48.606000	-3.475005E-10
48.612000	-3.223007E-10
48.618000	-2.534624E-10
48.624000	-3.106228E-10
48.630000	-3.462713E-10
48.636000	-3.358227E-10
48.642000	-2.919791E-10
48.648000	-3.042717E-10
48.654000	-2.930035E-10
48.660000	-2.997644E-10
48.666000	-2.712865E-10
48.672000	-2.983303E-10
48.678000	-3.108276E-10
48.684000	-2.635012E-10
48.690000	-2.356382E-10
48.696000	-2.864474E-10
48.702000	-2.989449E-10
48.708000	-3.075497E-10
48.714000	-3.093935E-10
48.720000	-3.026325E-10
48.726000	-3.139009E-10
48.732000	-3.241446E-10
48.738000	-2.409649E-10
48.744000	-2.751793E-10
48.750000	-3.640955E-10
48.756000	-2.749744E-10
48.762000	-3.309056E-10
48.768000	-3.108277E-10
48.774000	-2.837841E-10
48.780000	-2.780475E-10
48.786000	-3.157448E-10
48.792000	-2.737451E-10
48.798000	-3.317251E-10
48.804000	-2.454722E-10
48.810000	-3.667590E-10
48.816000	-3.436080E-10
48.822000	-3.020181E-10
48.828000	-3.143107E-10
48.834000	-3.151301E-10
48.840000	-2.792768E-10
48.846000	-2.823501E-10
48.852000	-2.985351E-10
48.858000	-3.112374E-10
48.864000	-3.202520E-10
48.870000	-2.925937E-10
48.876000	-2.930035E-10
48.882000	-3.042717E-10
48.888000	-3.360275E-10
48.894000	-3.155399E-10
48.900000	-2.696477E-10
48.906000	-3.059108E-10
48.912000	-3.079595E-10
48.918000	-2.126920E-10
48.924000	-3.460665E-10
48.930000	-3.095985E-10
48.936000	-2.864474E-10
48.942000	-3.100083E-10
48.948000	-3.284470E-10
48.954000	-2.884962E-10
48.960000	-2.598135E-10
48.966000	-3.065253E-10
48.972000	-3.032473E-10
48.978000	-2.538721E-10
48.984000	-2.743597E-10
48.990000	-2.925938E-10
48.996000	-3.136960E-10
49.002000	-3.223008E-10
49.008000	-3.093937E-10
49.014000	-2.911596E-10
49.020000	-3.337739E-10
49.026000	-2.641159E-10
49.032000	-2.606330E-10
49.038000	-2.288772E-10
49.044000	-3.085742E-10
49.050000	-4.173634E-10
49.056000	-3.444275E-10
49.062000	-2.688281E-10
49.068000	-2.946425E-10
49.074000	-2.864474E-10
49.080000	-3.167692E-10
49.086000	-3.122619E-10
49.092000	-2.876767E-10
49.098000	-3.225057E-10
49.104000	-3.055009E-10
49.110000	-2.739500E-10
49.116000	-2.675988E-10
49.122000	-2.747695E-10
49.128000	-2.635014E-10
49.134000	-2.968962E-10
49.140000	-3.095985E-10
49.146000	-2.952571E-10
49.152000	-3.005839E-10
49.158000	-2.946425E-10
49.164000	-2.940278E-10
49.170000	-3.044766E-10
49.176000	-3.118522E-10
49.182000	-3.061156E-10
49.188000	-2.614526E-10
49.194000	-3.202521E-10
49.200000	-3.544665E-10
49.206000	-3.223008E-10
49.212000	-1.801167E-10
49.218000	-2.956669E-10
49.224000	-3.778223E-10
49.230000	-2.780476E-10
49.236000	-2.393259E-10
49.242000	-2.921840E-10
49.248000	-3.120571E-10
49.254000	-3.397153E-10
49.260000	-2.919791E-10
49.266000	-2.860378E-10
49.272000	-2.946426E-10
49.278000	-2.942328E-10
49.284000	-3.300862E-10
49.290000	-3.329544E-10
49.296000	-2.684185E-10
49.302000	-3.573347E-10
49.308000	-3.284471E-10
49.314000	-2.878816E-10
49.320000	-2.919791E-10
49.326000	-2.688282E-10
49.332000	-2.403503E-10
49.338000	-2.813256E-10
49.344000	-2.819403E-10
49.350000	-3.167692E-10
49.356000	-3.114424E-10
49.362000	-2.719013E-10
49.368000	-3.052962E-10
49.374000	-2.589942E-10
49.380000	-2.731306E-10
49.386000	-2.999694E-10
49.392000	-2.805062E-10
49.398000	-3.106229E-10
49.404000	-1.917946E-10
49.410000	-2.979205E-10
49.416000	-3.995392E-10
49.422000	-3.276276E-10
49.428000	-2.854231E-10
49.434000	-2.843988E-10
49.440000	-2.739501E-10
49.446000	-2.887012E-10
49.452000	-2.983303E-10
49.458000	-2.714915E-10
49.464000	-2.971010E-10
49.470000	-2.911597E-10
49.476000	-3.671688E-10
49.482000	-3.014034E-10
49.488000	-3.079596E-10
49.494000	-2.719012E-10
49.500000	-3.227107E-10
49.506000	-3.358228E-10
49.512000	-3.241448E-10
49.518000	-2.503893E-10
49.524000	-3.522128E-10
49.530000	-3.233253E-10
49.536000	-3.319301E-10
49.542000	-2.942329E-10
49.548000	-3.083693E-10
49.554000	-3.479103E-10
49.560000	-1.459023E-10
49.566000	-3.329544E-10
49.572000	-3.059108E-10
49.578000	-2.915694E-10
49.584000	-2.915694E-10
49.590000	-3.001742E-10
49.596000	-3.294716E-10
49.602000	-2.710817E-10
49.608000	-2.719012E-10
49.614000	-4.591581E-10
49.620000	-3.231204E-10
49.626000	-2.971011E-10
49.632000	-2.645257E-10
49.638000	-2.930035E-10
49.644000	-3.333642E-10
49.650000	-2.663696E-10
49.656000	-2.409649E-10
49.662000	-3.155399E-10
49.668000	-2.536673E-10
49.674000	-3.309056E-10
49.680000	-2.747696E-10
49.686000	-3.913442E-10
49.692000	-3.057058E-10
49.698000	-3.446324E-10
49.704000	-2.956669E-10
49.710000	-2.751793E-10
49.716000	-2.893157E-10
49.722000	-3.042718E-10
49.728000	-3.544664E-10
49.734000	-3.124668E-10
49.740000	-3.253740E-10
49.746000	-3.194326E-10
49.752000	-3.974904E-10
49.758000	-3.022230E-10
49.764000	-3.438129E-10
49.770000	-2.374821E-10
49.776000	-2.835791E-10
49.782000	-3.347984E-10
49.788000	-3.151302E-10
49.794000	-3.151302E-10
49.800000	-1.598339E-10
49.806000	-2.917743E-10
49.812000	-3.384860E-10
49.818000	-2.649355E-10
49.824000	-2.938230E-10
49.830000	-2.983303E-10
49.836000	-2.989449E-10
49.842000	-3.067303E-10
49.848000	-2.852182E-10
49.854000	-4.050709E-10
49.860000	-3.194325E-10
49.866000	-2.639112E-10
49.872000	-3.647102E-10
49.878000	-2.561258E-10
49.884000	-2.620673E-10
49.890000	-3.083693E-10
49.896000	-3.808954E-10
49.902000	-3.380763E-10
49.908000	-1.612680E-10
49.914000	-2.587891E-10
49.920000	-3.813053E-10
49.926000	-3.003791E-10
49.932000	-2.608380E-10
49.938000	-2.850133E-10
49.944000	-2.428089E-10
49.950000	-3.046815E-10
49.956000	-2.673940E-10
49.962000	-3.341836E-10
49.968000	-2.968962E-10
49.974000	-2.874719E-10
49.980000	-3.184081E-10
49.986000	-2.981255E-10
49.992000	-2.936181E-10
49.998000	-2.962816E-10
50.004000	-3.597931E-10
50.010000	-2.950523E-10
50.016000	-2.839891E-10
50.022000	-2.962815E-10
50.028000	-3.186130E-10
50.034000	-3.052961E-10
50.040000	-1.444682E-10
50.046000	-2.934133E-10
50.052000	-3.616372E-10
50.058000	-3.292665E-10
50.064000	-2.540770E-10
50.070000	-2.827598E-10
50.076000	-2.911596E-10
50.082000	-3.427884E-10
50.088000	-3.261935E-10
50.094000	-3.489348E-10
50.100000	-2.887011E-10
50.106000	-2.927987E-10
50.112000	-2.762037E-10
50.118000	-2.997645E-10
50.124000	-3.347983E-10
50.130000	-2.354332E-10
50.136000	-3.102132E-10
50.142000	-2.639111E-10
50.148000	-3.399201E-10
50.154000	-2.952571E-10
50.160000	-3.157447E-10
50.166000	-3.446324E-10
50.172000	-2.731305E-10
50.178000	-3.575395E-10
50.184000	-2.678037E-10
50.190000	-2.852183E-10
50.196000	-2.536674E-10
50.202000	-2.682135E-10
50.208000	-3.561055E-10
50.214000	-3.825345E-10
50.220000	-2.446527E-10
50.226000	-2.938231E-10
50.232000	-3.794613E-10
50.238000	-2.604282E-10
50.244000	-2.696478E-10
50.250000	-2.843988E-10
50.256000	-7.390193E-10
50.262000	-7.296638E-11
50.268000	-1.932288E-10
50.274000	-2.299017E-10
50.280000	-2.534625E-10
50.286000	-2.325651E-10
50.292000	-3.022231E-10
50.298000	-3.026328E-10
50.304000	-2.401455E-10
50.310000	-3.239398E-10
50.316000	-2.616575E-10
50.322000	-2.880864E-10
50.328000	-2.577648E-10
50.334000	-2.774330E-10
50.340000	-2.946425E-10
50.346000	-2.364577E-10
50.352000	-2.733355E-10
50.358000	-2.383016E-10
50.364000	-2.399406E-10
50.370000	-2.573550E-10
50.376000	-3.751589E-10
50.382000	-3.020181E-10
50.388000	-3.011986E-10
50.394000	-2.915694E-10
50.400000	-3.052960E-10
50.406000	-1.944580E-10
50.412000	-3.364373E-10
50.418000	-3.061156E-10
50.424000	-2.315406E-10
50.430000	-3.085741E-10
50.436000	-2.794817E-10
50.442000	-2.305163E-10
50.448000	-2.889060E-10
50.454000	-2.594038E-10
50.460000	-3.175889E-10
50.466000	-2.901353E-10
50.472000	-3.128766E-10
50.478000	-3.759784E-10
50.484000	-2.981255E-10
50.490000	-3.259887E-10
50.496000	-2.872671E-10
50.502000	-2.460869E-10
50.508000	-2.673941E-10
50.514000	-4.415389E-10
50.520000	-2.880864E-10
50.526000	-3.448372E-10
50.532000	-2.538722E-10
50.538000	-2.671891E-10
50.544000	-2.809157E-10
50.550000	-2.559209E-10
50.556000	-2.989450E-10
50.562000	-2.899304E-10
50.568000	-2.637063E-10
50.574000	-2.313358E-10
50.580000	-3.276276E-10
50.586000	-3.395105E-10
50.592000	-2.331797E-10
50.598000	-3.370519E-10
50.604000	-2.995595E-10
50.610000	-2.782525E-10
50.616000	-3.079595E-10
50.622000	-3.796662E-10
50.628000	-3.440178E-10
50.634000	-2.587893E-10
50.640000	-3.257838E-10
50.646000	-2.286724E-10
50.652000	-3.444275E-10
50.658000	-2.815305E-10
50.664000	-4.122417E-10
50.670000	-2.696477E-10
50.676000	-3.327496E-10
50.682000	-2.983304E-10
50.688000	-3.727005E-10
50.694000	-2.440382E-10
50.700000	-3.167692E-10
50.706000	-2.612478E-10
50.712000	-2.954621E-10
50.718000	-2.860378E-10
50.724000	-3.847881E-10
50.730000	-2.778427E-10
50.736000	-2.280578E-10
50.742000	-3.218911E-10
50.748000	-3.294716E-10
50.754000	-3.255789E-10
50.760000	-2.989449E-10
50.766000	-2.690330E-10
50.772000	-3.079594E-10
50.778000	-2.893157E-10
50.784000	-2.971010E-10
50.790000	-2.954621E-10
50.796000	-3.362325E-10
50.802000	-2.729257E-10
50.808000	-3.854028E-10
50.814000	-3.089839E-10
50.820000	-2.762037E-10
50.826000	-2.831695E-10
50.832000	-2.065457E-10
50.838000	-2.940279E-10
50.844000	-3.391007E-10
50.850000	-4.083488E-10
50.856000	-3.442227E-10
50.862000	-3.114424E-10
50.868000	-2.807109E-10
50.874000	-2.651403E-10
50.880000	-3.266032E-10
50.886000	-2.729257E-10
50.892000	-3.218911E-10
50.898000	-3.247594E-10
50.904000	-3.401252E-10
50.910000	-2.850134E-10
50.916000	-3.352081E-10
50.922000	-2.206822E-10
50.928000	-2.960767E-10
50.934000	-2.917743E-10
50.940000	-2.594039E-10
50.946000	-2.893158E-10
50.952000	-2.364576E-10
50.958000	-3.796663E-10
50.964000	-2.571502E-10
50.970000	-2.753842E-10
50.976000	-2.837842E-10
50.982000	-2.858329E-10
50.988000	-3.122619E-10
50.994000	-3.095985E-10
51.000000	-2.841939E-10
51.006000	-2.878817E-10
51.012000	-3.296765E-10
51.018000	-2.167895E-10
51.024000	-2.409650E-10
51.030000	-2.846037E-10
51.036000	-3.143107E-10
51.042000	-3.597933E-10
51.048000	-2.667793E-10
51.054000	-3.171790E-10
51.060000	-3.470909E-10
51.066000	-2.112579E-10
51.072000	-3.163595E-10
51.078000	-2.198627E-10
51.084000	-3.327496E-10
51.090000	-2.766134E-10
51.096000	-2.850134E-10
51.102000	-3.370520E-10
51.108000	-2.313358E-10
51.114000	-3.032474E-10
51.120000	-2.321553E-10
51.126000	-2.956669E-10
51.132000	-2.577648E-10
51.138000	-3.700371E-10
51.144000	-2.821451E-10
51.150000	-2.620672E-10
51.156000	-2.864475E-10
51.162000	-3.309057E-10
51.168000	-2.602233E-10
51.174000	-3.171789E-10
51.180000	-3.935979E-10
51.186000	-3.206618E-10
51.192000	-2.884963E-10
51.198000	-3.114424E-10
51.204000	-3.155400E-10
51.210000	-2.846037E-10
51.216000	-2.962815E-10
51.222000	-2.956670E-10
51.228000	-3.136961E-10
51.234000	-2.725160E-10
51.240000	-3.489349E-10
51.246000	-2.882915E-10
51.252000	-3.114425E-10
51.258000	-3.116473E-10
51.264000	-3.559007E-10
51.270000	-3.102132E-10
51.276000	-3.003790E-10
51.282000	-3.286520E-10
51.288000	-3.470910E-10
51.294000	-3.241447E-10
51.300000	-2.946426E-10
51.306000	-3.003791E-10
51.312000	-2.477260E-10
51.318000	-2.680088E-10
51.324000	-2.632966E-10
51.330000	-3.329546E-10
51.336000	-3.046815E-10
51.342000	-2.770232E-10
51.348000	-2.792769E-10
51.354000	-2.241652E-10
51.360000	-2.813257E-10
51.366000	-2.909548E-10
51.372000	-3.272179E-10
51.378000	-2.206822E-10
51.384000	-2.719013E-10
51.390000	-3.163596E-10
51.396000	-3.602031E-10
51.402000	-2.927987E-10
51.408000	-2.766134E-10
51.414000	-3.444275E-10
51.420000	-2.721061E-10
51.426000	-3.255789E-10
51.432000	-2.352284E-10
51.438000	-2.704672E-10
51.444000	-3.296764E-10
51.450000	-2.850134E-10
51.456000	-3.120571E-10
51.462000	-2.536673E-10
51.468000	-2.397358E-10
51.474000	-2.895207E-10
51.480000	-3.999491E-10
51.486000	-3.007890E-10
51.492000	-2.968963E-10
51.498000	-3.024280E-10
51.504000	-3.071401E-10
51.510000	-3.167693E-10
51.516000	-2.710818E-10
51.522000	-2.831695E-10
51.528000	-3.333642E-10
51.534000	-3.688079E-10
51.540000	-2.757940E-10
51.546000	-2.579697E-10
51.552000	-2.102336E-10
51.558000	-2.907500E-10
51.564000	-2.460869E-10
51.570000	-3.165644E-10
51.576000	-3.018132E-10
51.582000	-2.811207E-10
51.588000	-2.784573E-10
51.594000	-3.755687E-10
51.600000	-2.579698E-10
51.606000	-3.302910E-10
51.612000	-3.298813E-10
51.618000	-2.952573E-10
51.624000	-2.811208E-10
51.630000	-2.977158E-10
51.636000	-3.921637E-10
51.642000	-3.186131E-10
51.648000	-2.751793E-10
51.654000	-2.819402E-10
51.660000	-3.069351E-10
51.666000	-2.807110E-10
51.672000	-3.339789E-10
51.678000	-3.427886E-10
51.684000	-2.942329E-10
51.690000	-3.175887E-10
51.696000	-3.608177E-10
51.702000	-2.354333E-10
51.708000	-2.661648E-10
51.714000	-2.887012E-10
51.720000	-2.827598E-10
51.726000	-2.667794E-10
51.732000	-3.011987E-10
51.738000	-2.563308E-10
51.744000	-2.995596E-10
51.750000	-4.290414E-10
51.756000	-3.120571E-10
51.762000	-3.325447E-10
51.768000	-3.194327E-10
51.774000	-2.915695E-10
51.780000	-1.354537E-10
51.786000	-2.714915E-10
51.792000	-2.858329E-10
51.798000	-1.395512E-10
51.804000	-3.243497E-10
51.810000	-3.241448E-10
51.816000	-2.776379E-10
51.822000	-2.805061E-10
51.828000	-3.124669E-10
51.834000	-1.428292E-10
51.840000	-2.848086E-10
51.846000	-2.893159E-10
51.852000	-2.575601E-10
51.858000	-2.973060E-10
51.864000	-2.983303E-10
51.870000	-3.608178E-10
51.876000	-2.321553E-10
51.882000	-3.386910E-10
51.888000	-2.913646E-10
51.894000	-2.911597E-10
51.900000	-3.089840E-10
51.906000	-2.702624E-10
51.912000	-2.628868E-10
51.918000	-2.923890E-10
51.924000	-2.602234E-10
51.930000	-2.901353E-10
51.936000	-3.014035E-10
51.942000	-2.682136E-10
51.948000	-2.757940E-10
51.954000	-3.823296E-10
51.960000	-3.425838E-10
51.966000	-3.184083E-10
51.972000	-3.001743E-10
51.978000	-3.544666E-10
51.984000	-2.280578E-10
51.990000	-2.895208E-10
51.996000	-3.024279E-10
52.002000	-2.913646E-10
52.008000	-2.837842E-10
52.014000	-3.009938E-10
52.020000	-2.237555E-10
52.026000	-2.925939E-10
52.032000	-3.786420E-10
52.038000	-3.386910E-10
52.044000	-2.866524E-10
52.050000	-3.005841E-10
52.056000	-3.157449E-10
52.062000	-2.971011E-10
52.068000	-3.087791E-10
52.074000	-3.376667E-10
52.080000	-1.792972E-10
52.086000	-2.971013E-10
52.092000	-2.057263E-10
52.098000	-3.087790E-10
52.104000	-2.473162E-10
52.110000	-4.415389E-10
52.116000	-3.106229E-10
52.122000	-3.175888E-10
52.128000	-3.862223E-10
52.134000	-3.366423E-10
52.140000	-2.647307E-10
52.146000	-4.585437E-10
52.152000	-3.159497E-10
52.158000	-2.907500E-10
52.164000	-3.003791E-10
52.170000	-3.077548E-10
52.176000	-2.131019E-10
52.182000	-3.091888E-10
52.188000	-3.472958E-10
52.194000	-1.258245E-10
52.200000	-3.122620E-10
52.206000	-2.565357E-10
52.212000	-1.252099E-10
52.218000	-2.753843E-10
52.224000	-2.573552E-10
52.230000	-1.512292E-10
52.236000	-3.686030E-10
52.242000	-1.858533E-10
52.248000	-2.925939E-10
52.254000	-2.757940E-10
52.260000	-2.968963E-10
52.266000	-3.597934E-10
52.272000	-3.393057E-10
52.278000	-3.475007E-10
52.284000	-3.044768E-10
52.290000	-1.479512E-10
52.296000	-3.151303E-10
52.302000	-2.628869E-10
52.308000	-2.368675E-10
52.314000	-2.889061E-10
52.320000	-3.020182E-10
52.326000	-2.839890E-10
52.332000	-2.743599E-10
52.338000	-4.190026E-10
52.344000	-3.163596E-10
52.350000	-2.684184E-10
52.356000	-3.075499E-10
52.362000	-3.118523E-10
52.368000	-1.891313E-10
52.374000	-2.946427E-10
52.380000	-3.681932E-10
52.386000	-2.444479E-10
52.392000	-3.175888E-10
52.398000	-1.948679E-10
52.404000	-2.700575E-10
52.410000	-3.268084E-10
52.416000	-2.833745E-10
52.422000	-2.712868E-10
52.428000	-2.852183E-10
52.434000	-3.317253E-10
52.440000	-3.407399E-10
52.446000	-2.895208E-10
52.452000	-2.813256E-10
52.458000	-3.434032E-10
52.464000	-2.421943E-10
52.470000	-2.907500E-10
52.476000	-2.895207E-10
52.482000	-2.391211E-10
52.488000	-2.596087E-10
52.494000	-3.890906E-10
52.500000	-3.501642E-10
52.506000	-3.104181E-10
52.512000	-3.319301E-10
52.518000	-3.440178E-10
52.524000	-2.553064E-10
52.530000	-2.700575E-10
52.536000	-4.103978E-10
52.542000	-3.403301E-10
52.548000	-2.940280E-10
52.554000	-2.823501E-10
52.560000	-3.569252E-10
52.566000	-2.665746E-10
52.572000	-2.632965E-10
52.578000	-3.495496E-10
52.584000	-2.395309E-10
52.590000	-3.186132E-10
52.596000	-2.979206E-10
52.602000	-3.307009E-10
52.608000	-3.186132E-10
52.614000	-3.315204E-10
52.620000	-2.766135E-10
52.626000	-2.438333E-10
52.632000	-2.729258E-10
52.638000	-3.663493E-10
52.644000	-3.198425E-10
52.650000	-2.555112E-10
52.656000	-3.120572E-10
52.662000	-2.772282E-10
52.668000	-3.483202E-10
52.674000	-2.706721E-10
52.680000	-2.708770E-10
52.686000	-3.446326E-10
52.692000	-2.131018E-10
52.698000	-3.175888E-10
52.704000	-2.889061E-10
52.710000	-3.702420E-10
52.716000	-3.198424E-10
52.722000	-3.423789E-10
52.728000	-3.182034E-10
52.734000	-2.960767E-10
52.740000	-3.335693E-10
52.746000	-2.841940E-10
52.752000	-2.362528E-10
52.758000	-3.194328E-10
52.764000	-4.134708E-10
52.770000	-3.169742E-10
52.776000	-3.009938E-10
52.782000	-3.431984E-10
52.788000	-3.513935E-10
52.794000	-2.176091E-10
52.800000	-2.651405E-10
52.806000	-2.977158E-10
52.812000	-2.917743E-10
52.818000	-2.333845E-10
52.824000	-2.893159E-10
52.830000	-3.366422E-10
52.836000	-1.911801E-10
52.842000	-2.964865E-10
52.848000	-4.419488E-10
52.854000	-3.261936E-10
52.860000	-2.600185E-10
52.866000	-3.745444E-10
52.872000	-3.067304E-10
52.878000	-2.540772E-10
52.884000	-2.745648E-10
52.890000	-2.225262E-10
52.896000	-2.645258E-10
52.902000	-2.749745E-10
52.908000	-3.989247E-10
52.914000	-3.511885E-10
52.920000	-2.823501E-10
52.926000	-3.534422E-10
52.932000	-3.417642E-10
52.938000	-2.706721E-10
52.944000	-3.036573E-10
52.950000	-3.108279E-10
52.956000	-2.520284E-10
52.962000	-2.946426E-10
52.968000	-3.270130E-10
52.974000	-3.175889E-10
52.980000	-2.432187E-10
52.986000	-3.126718E-10
52.992000	-2.964865E-10
52.998000	-2.923890E-10
53.004000	-2.766135E-10
53.010000	-3.331594E-10
53.016000	-3.917540E-10
53.022000	-2.688283E-10
53.028000	-3.011988E-10
53.034000	-2.632965E-10
53.040000	-3.206619E-10
53.046000	-2.667795E-10
53.052000	-3.157448E-10
53.058000	-3.067304E-10
53.064000	-2.600185E-10
53.070000	-2.714916E-10
53.076000	-4.366220E-10
53.082000	-3.405348E-10
53.088000	-1.711022E-10
53.094000	-2.835794E-10
53.100000	-2.889062E-10
53.106000	-3.298814E-10
53.112000	-2.512089E-10
53.118000	-3.575398E-10
53.124000	-2.678039E-10
53.130000	-2.399407E-10
53.136000	-2.788672E-10
53.142000	-3.628666E-10
53.148000	-3.300863E-10
53.154000	-3.309057E-10
53.160000	-3.380765E-10
53.166000	-2.788672E-10
53.172000	-2.596088E-10
53.178000	-2.401455E-10
53.184000	-3.302912E-10
53.190000	-2.977158E-10
53.196000	-2.932085E-10
53.202000	-2.577649E-10
53.208000	-3.251693E-10
53.214000	-1.809363E-10
53.220000	-2.626819E-10
53.226000	-4.091687E-10
53.232000	-3.505740E-10
53.238000	-2.591990E-10
53.244000	-3.720859E-10
53.250000	-1.999898E-10
53.256000	-2.444480E-10
53.262000	-2.505943E-10
53.268000	-4.431782E-10
53.274000	-3.231204E-10
53.280000	-2.837842E-10
53.286000	-3.089840E-10
53.292000	-3.376667E-10
53.298000	-1.674145E-10
53.304000	-2.876769E-10
53.310000	-3.192278E-10
53.316000	-2.897257E-10
53.322000	-3.048865E-10
53.328000	-3.487301E-10
53.334000	-4.187978E-10
53.340000	-3.571299E-10
53.346000	-3.802810E-10
53.352000	-3.139011E-10
53.358000	-2.977158E-10
53.364000	-2.919793E-10
53.370000	-3.450423E-10
53.376000	-1.276684E-10
53.382000	-2.803013E-10
53.388000	-3.421739E-10
53.394000	-3.366423E-10
53.400000	-3.089840E-10
53.406000	-3.055012E-10
53.412000	-2.981255E-10
53.418000	-2.448577E-10
53.424000	-2.993548E-10
53.430000	-3.085742E-10
53.436000	-3.948272E-10
53.442000	-2.206823E-10
53.448000	-3.317253E-10
53.454000	-3.102132E-10
53.460000	-4.530122E-10
53.466000	-2.723112E-10
53.472000	-2.680088E-10
53.478000	-2.800965E-10
53.484000	-3.114426E-10
53.490000	-3.139011E-10
53.496000	-2.700575E-10
53.502000	-2.217067E-10
53.508000	-3.069352E-10
53.514000	-3.700372E-10
53.520000	-3.251693E-10
53.526000	-2.858329E-10
53.532000	-3.403301E-10
53.538000	-3.208668E-10
53.544000	-2.884964E-10
53.550000	-3.044767E-10
53.556000	-2.989451E-10
53.562000	-1.506146E-10
53.568000	-2.876769E-10
53.574000	-2.116677E-10
53.580000	-2.487504E-10
53.586000	-2.604283E-10
53.592000	-2.608381E-10
53.598000	-3.536472E-10
53.604000	-3.159498E-10
53.610000	-2.930037E-10
53.616000	-3.360276E-10
53.622000	-2.178139E-10
53.628000	-3.048864E-10
53.634000	-2.987402E-10
53.640000	-2.778428E-10
53.646000	-2.811208E-10
53.652000	-2.604283E-10
53.658000	-3.618421E-10
53.664000	-2.546918E-10
53.670000	-2.962816E-10
53.676000	-2.739501E-10
53.682000	-2.958720E-10
53.688000	-3.307009E-10
53.694000	-2.882915E-10
53.700000	-3.075498E-10
53.706000	-2.835794E-10
53.712000	-3.067304E-10
53.718000	-2.907501E-10
53.724000	-1.520487E-10
53.730000	-2.803013E-10
53.736000	-2.524382E-10
53.742000	-2.876769E-10
53.748000	-2.557161E-10
53.754000	-4.290416E-10
53.760000	-3.130815E-10
53.766000	-2.606332E-10
53.772000	-3.298814E-10
53.778000	-3.604080E-10
53.784000	-1.887216E-10
53.790000	-3.319302E-10
53.796000	-2.167897E-10
53.802000	-1.131222E-10
53.808000	-3.249644E-10
53.814000	-3.161548E-10
53.820000	-3.145157E-10
53.826000	-2.987402E-10
53.832000	-3.075499E-10
53.838000	-3.145157E-10
53.844000	-2.716964E-10
53.850000	-3.091888E-10
53.856000	-3.497544E-10
53.862000	-2.782525E-10
53.868000	-2.587892E-10
53.874000	-3.786420E-10
53.880000	-3.100083E-10
53.886000	-3.118522E-10
53.892000	-2.932085E-10
53.898000	-3.403301E-10
53.904000	-1.639314E-10
53.910000	-2.702624E-10
53.916000	-2.893159E-10
53.922000	-2.659600E-10
53.928000	-2.526430E-10
53.934000	-3.001743E-10
53.940000	-2.759989E-10
53.946000	-2.817355E-10
53.952000	-3.595884E-10
53.958000	-3.210717E-10
53.964000	-2.684185E-10
53.970000	-3.073451E-10
53.976000	-2.940280E-10
53.982000	-2.688282E-10
53.988000	-2.905451E-10
53.994000	-3.016085E-10
54.000000	-3.532373E-10
54.006000	-1.532780E-10
54.012000	-3.052962E-10
54.018000	-3.122620E-10
54.024000	-3.815102E-10
54.030000	-3.321350E-10
54.036000	-3.220961E-10
54.042000	-3.163595E-10
54.048000	-2.426041E-10
54.054000	-2.790720E-10
54.060000	-3.177936E-10
54.066000	-3.745443E-10
54.072000	-2.897256E-10
54.078000	-3.417642E-10
54.084000	-3.278327E-10
54.090000	-2.313358E-10
54.096000	-3.399204E-10
54.102000	-3.319302E-10
54.108000	-3.483204E-10
54.114000	-2.630918E-10
54.120000	-2.839891E-10
54.126000	-2.973061E-10
54.132000	-3.063206E-10
54.138000	-3.450423E-10
54.144000	-2.358431E-10
54.150000	-1.487707E-10
54.156000	-3.063206E-10
54.162000	-2.389162E-10
54.168000	-2.600186E-10
54.174000	-2.727209E-10
54.180000	-2.727209E-10
54.186000	-4.108076E-10
54.192000	-2.510040E-10
54.198000	-3.009938E-10
54.204000	-3.182034E-10
54.210000	-2.581746E-10
54.216000	-3.177938E-10
54.222000	-2.952573E-10
54.228000	-2.833745E-10
54.234000	-2.628868E-10
54.240000	-2.694429E-10
54.246000	-2.917744E-10
54.252000	-3.116474E-10
54.258000	-2.784574E-10
54.264000	-2.757940E-10
54.270000	-2.700575E-10
54.276000	-2.938232E-10
54.282000	-2.954622E-10
54.288000	-3.163595E-10
54.294000	-3.175887E-10
54.300000	-3.167693E-10
54.306000	-2.475211E-10
54.312000	-2.694429E-10
54.318000	-2.975109E-10
54.324000	-4.030222E-10
54.330000	-2.973060E-10
54.336000	-3.014037E-10
54.342000	-3.130815E-10
54.348000	-2.835794E-10
54.354000	-1.948679E-10
54.360000	-3.063206E-10
54.366000	-2.694428E-10
54.372000	-3.782322E-10
54.378000	-2.973060E-10
54.384000	-2.823501E-10
54.390000	-2.530528E-10
54.396000	-2.522333E-10
54.402000	-2.610430E-10
54.408000	-3.229156E-10
54.414000	-3.300862E-10
54.420000	-2.696477E-10
54.426000	-3.184082E-10
54.432000	-3.020183E-10
54.438000	-2.147408E-10
54.444000	-2.956671E-10
54.450000	-2.618625E-10
54.456000	-2.962818E-10
54.462000	-3.243498E-10
54.468000	-3.098035E-10
54.474000	-2.882915E-10
54.480000	-2.887011E-10
54.486000	-4.017931E-10
54.492000	-3.110328E-10
54.498000	-3.048865E-10
54.504000	-2.987402E-10
54.510000	-3.475008E-10
54.516000	-2.192481E-10
54.522000	-3.659397E-10
54.528000	-2.401456E-10
54.534000	-2.253945E-10
54.540000	-3.161547E-10
54.546000	-2.571503E-10
54.552000	-2.921841E-10
54.558000	-3.399204E-10
54.564000	-2.872671E-10
54.570000	-3.184083E-10
54.576000	-2.514138E-10
54.582000	-3.011987E-10
54.588000	-3.395106E-10
54.594000	-3.548763E-10
54.600000	-3.200474E-10
54.606000	-2.831696E-10
54.612000	-2.553064E-10
54.618000	-3.257840E-10
54.624000	-1.766339E-10
54.630000	-2.657551E-10
54.636000	-2.954621E-10
54.642000	-3.337739E-10
54.648000	-2.745649E-10
54.654000	-3.294716E-10
54.660000	-3.034523E-10
54.666000	-3.507788E-10
54.672000	-2.323602E-10
54.678000	-3.268083E-10
54.684000	-2.878817E-10
54.690000	-2.323603E-10
54.696000	-3.177938E-10
54.702000	-2.884963E-10
54.708000	-2.936183E-10
54.714000	-3.352082E-10
54.720000	-4.011785E-10
54.726000	-3.159498E-10
54.732000	-3.071402E-10
54.738000	-3.292668E-10
54.744000	-3.247595E-10
54.750000	-3.173839E-10
54.756000	-3.675788E-10
54.762000	-2.755892E-10
54.768000	-2.938232E-10
54.774000	-3.040669E-10
54.780000	-3.714714E-10
54.786000	-2.919793E-10
54.792000	-3.040669E-10
54.798000	-3.100084E-10
54.804000	-3.593837E-10
54.810000	-2.598137E-10
54.816000	-2.678040E-10
54.822000	-2.790721E-10
54.828000	-3.136962E-10
54.834000	-2.632966E-10
54.840000	-3.024280E-10
54.846000	-3.888858E-10
54.852000	-2.938232E-10
54.858000	-3.149254E-10
54.864000	-3.304962E-10
54.870000	-3.182034E-10
54.876000	-2.856282E-10
54.882000	-3.173840E-10
54.888000	-2.891110E-10
54.894000	-3.081646E-10
54.900000	-3.341838E-10
54.906000	-3.290619E-10
54.912000	-3.210716E-10
54.918000	-3.100083E-10
54.924000	-3.100083E-10
54.930000	-2.503893E-10
54.936000	-3.059109E-10
54.942000	-3.003793E-10
54.948000	-2.993548E-10
54.954000	-2.995597E-10
54.960000	-3.091889E-10
54.966000	-3.743396E-10
54.972000	-2.901353E-10
54.978000	-2.505943E-10
54.984000	-3.421739E-10
54.990000	-3.071402E-10
54.996000	-3.001744E-10
55.002000	-2.803013E-10
